--1 Scoped Credential

-- credential maps to a login or contained user used to connect to remote database 
CREATE DATABASE SCOPED CREDENTIAL datacloudprod -- credential name
WITH IDENTITY = 'datacloud', -- login or contained user name
SECRET = 'Z2GYR3157ddUebU15IOh43OMVbR38OW'; -- login or contained user password
GO

SELECT * FROM sys.database_scoped_credentials

--2 Create Target Group
EXEC jobs.sp_add_target_group 'datacloudprod' 
--select *from [jobs].[target_groups]

--3 ADD GROUP MEMBER TO A TARGET GROUP
EXEC jobs.sp_add_target_group_member 'datacloudprod', 
@membership_type = 'include', 
@target_type = 'SqlDatabase', 
@server_name='datacloudprod.database.windows.net', 
@database_name = 'Robos_WSDatacloud'
GO

-- CREATING A JOB
EXEC jobs.sp_add_job @job_name='tbl_creditos_hist', 
@description='Historico de Creditos'; 

-- ADD JOB STEP
-- prod2
EXEC jobs.sp_add_jobstep @job_name='tbl_creditos_hist', 
@command=N'
insert into tbl_creditos_hist

SELECT userId, Usado as Usado_Capa, getdate() as ''DtHora'' , ''1'' as ''id_servico''

FROM v_consumoConsolidado (NOLOCK)

WHERE id_servico = 1

AND ano = 2023

AND mes = 6

and userId in (
8069169,
8062851,
8081673,
8086418,
8070502,
8071017,
8075036,
8073765,
8074952,
8075114,
8075146,
8076226,
8076631,
8077122,
8078097,
8078322,
8078714,
8078878,
8079517,
8079522,
8079620,
8079622,
8079776,
8080074,
8080082,
8080118,
8080193,
8081146,
8081332,
8081810,
8102023,
8083513,
8083760,
8084466,
8084704,
8084777,
8084901,
8092347,
8085100,
8085238,
8085273,
8085323,
8086242,
8085585,
8085896,
8076096,
8086099,
8086136,
8086332,
8087129,
8087185,
8087201,
8087260,
8087356,
8092132,
8088020,
8092214,
8089069,
8089300,
8089450,
8089980,
8090573,
8090688,
8091102,
8091426,
8091575,
8091697,
8091736,
8107511,
8096666,
8092347,
8092416,
8094052,
8097357,
8094992,
8095198,
8092828,
8096125,
8096228,
8096267,
8096786,
8097542,
8097874,
8098659,
8098927,
8099283,
8099587,
8099607,
8099650,
8100071,
8100164,
8100298,
8100426,
8120087,
8102017,
8102228,
8102667,
8102669,
8104146,
8104318,
8104838,
8104840,
8104842,
8106847,
8106911,
8106968,
8107543,
8108278,
8108408,
8110144,
8110315,
8111409,
8111680,
8111867,
8112043,
8112108,
8113210,
8113379,
8113402,
8113565,
8113772,
8113795,
8113859,
8114856,
8115091,
8117406,
8117466,
8118056,
8119171,
8121282,
8121676,
8123222,
8123496,
8125660,
8126714,
8128127,
8128180,
8129298,
8130655,
8132818,
8081673,
8134122,
8134133,
8134705,
8134813,
8135727,
8136431,
8137033,
8138206,
8138631,
8138783,
8139270,
8139758,
8140403,
8140535,
8140679,
8140717,
8141183,
8141415,
8141492,
8141780,
8142143,
8142193,
8144331,
8144378,
8144717,
8145037,
8145113,
8145351,
8145358,
8145370,
8146260,
8081673,
8146805,
8146944,
8147019,
8148510,
8149196,
8149993,
8150231,
8150936,
8151402,
8152249,
8152396,
8152507,
8152767,
8153112,
8154071,
8155195,
8156823,
8156854,
8156942,
8157591,
8158710,
8159080,
8159212,
8159993,
8161368,
8161595,
8161623,
8161975,
8162553,
8162601,
8162697,
8163580,
8163905,
8164077,
8164085,
8164474,
8164894,
8165310,
8165813,
8165928,
8081673,
8166907,
8166911,
8166998,
8167557,
8169016,
8169170,
8169912,
8170623,
8170627,
8170979,
8171696,
8172083,
8172112,
8172470,
8172578,
8172583,
8172645,
8172663,
8172709,
8172949,
8173490,
8173590,
8174458,
8174473,
8174947,
8175249,
8175525,
8091736,
8176216,
8177193,
8177288,
8177626,
8177707,
8177754,
8177816,
8178349,
8178364,
8178896,
8179179,
8179187,
8179503,
8180090,
8180181,
8180277,
8180283,
8180656,
8180660,
8180687,
8181040,
8181044,
8181382,
8181386,
8181390,
8181396,
8181401,
8181405,
8181525,
8181781,
8183433,
8183457,
8183782,
8184075,
8184210,
8184327,
8184331,
8184699,
8184716,
8184858,
8185189,
8185645,
8185846,
8186224,
8186230,
8186364,
8186511,
8187201,
8187205,
8187436,
8187617,
8187621,
8187625,
8187984,
8188651,
8189048,
8189140,
8190827,
8189270,
8189304,
8189322,
8189337,
8189418,
8189687,
8189706,
8189779,
8110144,
8189265,
8191162,
8191174,
8125660,
8192208,
8192285,
8192594,
8192861,
8193028,
8193039,
8194195,
8194556,
8194615,
8194803,
8194899,
8195253,
8195838,
8196306,
8196396,
8196403,
8196409,
8196751,
8196794,
8196808,
8196836,
8197497,
8197966,
8197986,
8198221,
8198230,
8198330,
8198583,
8198598,
8198835,
8198978,
8198987,
8199342,
8199398,
8199452,
8199653,
8199661,
8200029,
8200256,
8200363,
8200489,
8200637,
8200928,
8201035,
8201188,
8201562,
8201566,
8201856,
8201909,
8201913,
8202204,
8202221,
8202458,
8202554,
8202985,
8203225,
8203303,
8203316,
8203324,
8203346,
8204083,
8204252,
8204261,
8204277,
8204298,
8204397,
8204401,
8204469,
8204477,
8204545,
8204552,
8204556,
8204621,
8204744,
8205327,
8205436,
8205662,
8205918,
8205990,
8205995,
8206014,
8206441,
8207446,
8207452,
8207457,
8207459,
8207474,
8207628,
8208648,
8209235,
8209413,
8209891,
8210399,
8210458,
8210659,
8212164,
8212166,
8212474,
8083516,
8073634,
8074830,
8074849,
8075083,
8055307,
8063548,
8068261,
8068401,
8068415,
8078925,
8068912,
8071213,
8071739,
8072632,
8072684,
8073274,
8073696,
8075346,
8075570,
8075600,
8075640,
8075671,
8075755,
8072905,
8075866,
8076032,
8076145,
8076156,
8076352,
8076591,
8076619,
8076636,
8076863,
8076871,
8076942,
8076971,
8076984,
8077100,
8083421,
8077133,
8077217,
8077341,
8077464,
8077612,
8072099,
8077699,
8078264,
8078472,
8078634,
8078647,
8065037,
8065794,
8066119,
8083568,
8067552,
8068272,
8078252,
8070110,
8070443,
8072167,
8071255,
8078754,
8078765,
8059453,
8061519,
8061639,
8065330,
8066947,
8169326,
8067966,
8068248,
8122201,
8069114,
8069803,
8070194,
8070666,
8071534,
8072212,
8073920,
8078821,
8079015,
8078959,
8079212,
8079381,
8079433,
8079540,
8079559,
8079659,
8079666,
8079676,
8079758,
8079842,
8079974,
8079058,
8079995,
8080064,
8080133,
8080135,
8080266,
8080300,
8080355,
8080408,
8080442,
8080517,
8080616,
8080667,
8080687,
8080730,
8080937,
8080968,
8080980,
8081041,
8081099,
8081299,
8081328,
8081356,
8081393,
8081438,
8081481,
8109335,
8055743,
8055769,
8057883,
8059114,
8061529,
8072701,
8062845,
8094208,
8152514,
8063550,
8063892,
8063958,
8064486,
8064856,
8064907,
8065153,
8065179,
8065190,
8065656,
8066077,
8066150,
8066293,
8066379,
8066715,
8066730,
8066995,
8067059,
8067088,
8067404,
8067672,
8067674,
8067941,
8068012,
8068263,
8068297,
8068421,
8068462,
8068634,
8068672,
8069181,
8069339,
8069858,
8070092,
8103887,
8070492,
8071257,
8098555,
8071306,
8071776,
8072035,
8072437,
8072990,
8073400,
8073772,
8074015,
8074124,
8074742,
8086472,
8081648,
8081679,
8081720,
8081748,
8081778,
8081808,
8081977,
8081992,
8082002,
8082068,
8082201,
8082203,
8082229,
8082256,
8082268,
8082270,
8082308,
8082342,
8082363,
8082415,
8082450,
8082461,
8082463,
8082647,
8082658,
8082679,
8082778,
8082874,
8082988,
8083015,
8083115,
8083131,
8083164,
8083342,
8083391,
8083409,
8083516,
8083518,
8085912,
8083587,
8083589,
8083611,
8083624,
8083692,
8083694,
8083700,
8083762,
8083799,
8083866,
8083876,
8084050,
8084057,
8084059,
8084061,
8084114,
8084152,
8084232,
8084250,
8084252,
8084274,
8084307,
8084340,
8084344,
8084371,
8084399,
8084528,
8084549,
8084557,
8084566,
8084642,
8084664,
8084669,
8084734,
8084783,
8084818,
8084865,
8085068,
8085165,
8085240,
8085384,
8085531,
8085714,
8085716,
8085745,
8085778,
8085818,
8085820,
8085870,
8076096,
8086089,
8086091,
8086344,
8086367,
8086465,
8086476,
8086507,
8086522,
8086558,
8094796,
8086645,
8086743,
8086756,
8086828,
8087161,
8087278,
8087288,
8087290,
8087299,
8087383,
8087531,
8087570,
8087614,
8087622,
8087686,
8087692,
8087705,
8087721,
8087827,
8087912,
8088039,
8088066,
8088070,
8088102,
8088116,
8088184,
8088189,
8088307,
8088373,
8088444,
8088494,
8088500,
8088510,
8088702,
8088741,
8129017,
8088874,
8089078,
8089081,
8089114,
8089170,
8089188,
8089226,
8089240,
8089245,
8089404,
8089498,
8089521,
8089559,
8089627,
8089649,
8089676,
8089695,
8089697,
8089708,
8089734,
8089808,
8089854,
8089933,
8089993,
8090097,
8095319,
8090133,
8090151,
8090194,
8090220,
8090228,
8090311,
8090418,
8090430,
8090474,
8090549,
8090592,
8090657,
8090661,
8090666,
8090741,
8090769,
8090780,
8090820,
8090850,
8090879,
8107224,
8090914,
8091039,
8091068,
8091098,
8091145,
8091163,
8091219,
8091223,
8091249,
8091397,
8091405,
8091419,
8091432,
8091531,
8091594,
8091604,
8091613,
8091624,
8091688,
8091700,
8091708,
8091724,
8091760,
8091767,
8091793,
8091836,
8091860,
8092852,
8091946,
8092051,
8092113,
8092138,
8092147,
8092151,
8092249,
8090822,
8092380,
8092437,
8092448,
8092466,
8092502,
8092518,
8092531,
8092558,
8092610,
8092643,
8092660,
8092686,
8092709,
8092780,
8092959,
8093000,
8093024,
8093047,
8093059,
8093080,
8093331,
8093372,
8097351,
8093491,
8093517,
8093564,
8093571,
8093620,
8093654,
8093658,
8093769,
8093784,
8093875,
8094000,
8094026,
8151704,
8094056,
8094118,
8094124,
8094160,
8094167,
8094186,
8094200,
8094214,
8094236,
8095586,
8094395,
8094454,
8094496,
8094527,
8094612,
8094871,
8094892,
8094903,
8095580,
8094980,
8095068,
8095092,
8095122,
8095165,
8095184,
8097839,
8095200,
8095211,
8095215,
8095257,
8095275,
8081673,
8095377,
8095447,
8095476,
8095482,
8095494,
8095547,
8095652,
8095730,
8095741,
8067914,
8053544,
8058035,
8053743,
8095809,
8095892,
8095924,
8095987,
8095999,
8096041,
8096084,
8096102,
8096127,
8096130,
8096173,
8096535,
8096234,
8096292,
8096559,
8096561,
8096606,
8096653,
8071269,
8097004,
8097026,
8097117,
8097154,
8097230,
8097344,
8097508,
8097643,
8097733,
8097755,
8097792,
8097818,
8097941,
8098023,
8098049,
8098080,
8098099,
8098112,
8098184,
8098336,
8098347,
8098353,
8098390,
8098400,
8098432,
8098507,
8098689,
8098751,
8098854,
8098883,
8098898,
8098920,
8099019,
8099081,
8099092,
8099103,
8099122,
8099126,
8099131,
8099158,
8099182,
8099234,
8099263,
8098639,
8099451,
8099477,
8099486,
8099501,
8099520,
8099662,
8099761,
8099891,
8099949,
8099966,
8100020,
8100034,
8100051,
8100109,
8100131,
8100153,
8100217,
8100235,
8100282,
8100304,
8100362,
8100366,
8100423,
8100437,
8100439,
8100453,
8100498,
8100539,
8100553,
8100562,
8100609,
8100626,
8100668,
8100692,
8100740,
8100742,
8100765,
8100857,
8100871,
8100882,
8100909,
8100911,
8100951,
8100993,
8100225,
8101214,
8101378,
8101453,
8101469,
8101544,
8101575,
8101580,
8101584,
8101599,
8101644,
8101648,
8101652,
8101691,
8101705,
8101789,
8101813,
8101861,
8101896,
8102010,
8102209,
8089642,
8102453,
8102489,
8102502,
8102519,
8102575,
8102663,
8102713,
8102716,
8104110,
8104091,
8103807,
8104363,
8104978,
8104456,
8104468,
8104629,
8104647,
8104682,
8104861,
8104890,
8104899,
8104903,
8104940,
8105078,
8105083,
8105096,
8105295,
8105329,
8105338,
8105388,
8105419,
8105433,
8105513,
8105515,
8105520,
8105522,
8105552,
8105617,
8105626,
8106211,
8105653,
8105742,
8105775,
8105804,
8105854,
8105896,
8105919,
8105972,
8105982,
8106016,
8106060,
8106063,
8106075,
8106077,
8106135,
8106290,
8106437,
8106494,
8104501,
8106527,
8106536,
8106557,
8106680,
8106739,
8106744,
8106746,
8106760,
8106878,
8106965,
8107000,
8107082,
8107094,
8107100,
8107178,
8107182,
8107203,
8107214,
8107227,
8107235,
8107270,
8107283,
8107303,
8107315,
8107407,
8107411,
8107413,
8107489,
8107507,
8107515,
8107529,
8107582,
8107648,
8107665,
8107755,
8107829,
8107869,
8107907,
8107909,
8107931,
8107938,
8107973,
8107996,
8108031,
8108041,
8108086,
8108206,
8108350,
8108405,
8108446,
8108532,
8108535,
8108566,
8108600,
8108625,
8108634,
8108643,
8108663,
8108752,
8108760,
8108863,
8108891,
8108900,
8108988,
8108992,
8109026,
8109066,
8109113,
8109132,
8109327,
8109355,
8109359,
8109512,
8109538,
8109550,
8109552,
8109566,
8109652,
8109710,
8109740,
8109754,
8109762,
8109773,
8109825,
8109840,
8109865,
8109867,
8110026,
8110028,
8110033,
8110192,
8110200,
8110204,
8110220,
8110226,
8110237,
8110261,
8110272,
8110317,
8110320,
8110383,
8110411,
8110456,
8110483,
8110488,
8110557,
8110579,
8110588,
8110590,
8110626,
8110631,
8110668,
8110704,
8110720,
8110735,
8110749,
8110773,
8110824,
8110833,
8110836,
8110839,
8110850,
8110878,
8110912,
8110927,
8110930,
8110946,
8110970,
8110976,
8110991,
8110993,
8111005,
8111035,
8111105,
8111122,
8111185,
8111200,
8111851,
8111323,
8111391,
8111415,
8111422,
8111539,
8111565,
8111598,
8111615,
8111639,
8111669,
8111678,
8111790,
8111799,
8111830,
8111832,
8111882,
8111888,
8111900,
8111908,
8111918,
8111936,
8111950,
8111971,
8111990,
8112048,
8112050,
8112058,
8112116,
8112252,
8112360,
8112374,
8112417,
8112435,
8112442,
8112475,
8112493,
8112536,
8112538,
8112544,
8112555,
8112566,
8112588,
8112593,
8112598,
8112723,
8112771,
8112777,
8112780,
8112785,
8112832,
8112845,
8112925,
8112965,
8112994,
8113025,
8113034,
8113063,
8113065,
8113084,
8113101,
8113117,
8113144,
8113167,
8113190,
8113193,
8113207,
8113240,
8113274,
8113277,
8113279,
8113284,
8113286,
8113291,
8113294,
8113393,
8113398,
8113412,
8113418,
8113425,
8113436,
8113447,
8113452,
8113475,
8113481,
8113494,
8113511,
8113555,
8113623,
8113664,
8113787,
8113819,
8113833,
8113841,
8113948,
8113991,
8114041,
8114169,
8114210,
8114370,
8114378,
8114417,
8114437,
8114450,
8114474,
8114505,
8114528,
8114533,
8114565,
8114572,
8114655,
8114659,
8114711,
8114750,
8114766,
8114788,
8114803,
8114815,
8114880,
8114892,
8114936,
8114953,
8114971,
8114995,
8115003,
8115011,
8115014,
8115066,
8115075,
8115083,
8115089,
8115137,
8115150,
8115223,
8115245,
8115266,
8115276,
8115318,
8115332,
8115339,
8115362,
8115526,
8115543,
8115554,
8115577,
8115635,
8115658,
8115684,
8115709,
8115714,
8115765,
8115806,
8115812,
8115814,
8115828,
8115840,
8115883,
8115892,
8124289,
8115979,
8116023,
8116041,
8116053,
8116060,
8116065,
8116073,
8116118,
8116140,
8116169,
8116183,
8116198,
8116224,
8116256,
8116258,
8116270,
8116284,
8116295,
8116323,
8116349,
8116393,
8116499,
8116530,
8116576,
8116578,
8116679,
8116691,
8116705,
8116741,
8116834,
8116921,
8116948,
8116971,
8116993,
8117055,
8117117,
8117122,
8117152,
8117166,
8117205,
8117266,
8117301,
8117323,
8117344,
8117355,
8117371,
8117389,
8117393,
8117443,
8117462,
8117534,
8117556,
8117635,
8117681,
8117768,
8117782,
8117794,
8117849,
8117880,
8118018,
8118032,
8118063,
8118120,
8118122,
8118147,
8118157,
8118161,
8118176,
8118213,
8118244,
8118254,
8118266,
8118278,
8118288,
8118295,
8118342,
8118447,
8118452,
8118485,
8118600,
8118634,
8118647,
8118675,
8118679,
8118780,
8118816,
8118823,
8118917,
8118930,
8118946,
8118949,
8119016,
8119073,
8119078,
8119089,
8119123,
8119272,
8119316,
8119346,
8119377,
8119385,
8119422,
8119454,
8119530,
8119551,
8119629,
8119634,
8119643,
8119659,
8119717,
8119724,
8119778,
8119789,
8119811,
8119864,
8119898,
8119912,
8119973,
8119989,
8120115,
8120165,
8120201,
8120210,
8120217,
8120231,
8120238,
8120265,
8120295,
8120316,
8120371,
8120405,
8120503,
8120859,
8120964,
8120972,
8121012,
8121070,
8121099,
8121151,
8121189,
8121193,
8121252,
8121255,
8121366,
8121380,
8121442,
8121448,
8121460,
8121470,
8121521,
8121523,
8121633,
8121669,
8121674,
8121740,
8121744,
8121820,
8121857,
8121868,
8121878,
8121947,
8121967,
8121975,
8121999,
8122014,
8122100,
8122102,
8122116,
8122274,
8122276,
8122284,
8122307,
8122347,
8122586,
8122597,
8122652,
8122680,
8122738,
8122753,
8122760,
8122762,
8122766,
8122772,
8122790,
8122794,
8122808,
8122917,
8122927,
8122936,
8122959,
8123069,
8123272,
8123280,
8123288,
8123308,
8123340,
8123342,
8123353,
8123452,
8123470,
8123542,
8123617,
8123624,
8123696,
8123732,
8123812,
8123830,
8123895,
8123926,
8124148,
8124152,
8124249,
8124264,
8124336,
8124386,
8124408,
8125108,
8124578,
8124630,
8124644,
8124659,
8124671,
8124692,
8124734,
8124740,
8124769,
8124809,
8124812,
8124843,
8124884,
8124942,
8124944,
8125001,
8125003,
8125008,
8125078,
8125083,
8125087,
8125140,
8125397,
8125405,
8125444,
8125446,
8125454,
8125501,
8125503,
8125505,
8125509,
8125543,
8132712,
8125590,
8125598,
8125600,
8125614,
8125645,
8125647,
8125694,
8125698,
8125704,
8125744,
8125806,
8125861,
8125876,
8125923,
8084827,
8125985,
8126056,
8126078,
8126082,
8126085,
8126137,
8126182,
8126197,
8126207,
8126222,
8126270,
8126282,
8126299,
8126314,
8126316,
8126397,
8126416,
8126426,
8126435,
8126454,
8126493,
8126518,
8126569,
8126611,
8126633,
8126643,
8126654,
8126758,
8126877,
8126891,
8127005,
8127007,
8127026,
8127042,
8127045,
8127093,
8127099,
8127119,
8127125,
8127189,
8127208,
8127222,
8127232,
8127340,
8127369,
8127371,
8127380,
8127396,
8127405,
8127411,
8127420,
8127430,
8127443,
8127465,
8127475,
8127504,
8127590,
8127657,
8127750,
8127755,
8127789,
8127927,
8127943,
8127953,
8127996,
8128004,
8128006,
8128009,
8128014,
8128088,
8076096,
8128188,
8128211,
8128222,
8128387,
8128414,
8128445,
8128471,
8128481,
8094812,
8128626,
8128724,
8128799,
8128802,
8135006,
8128870,
8128883,
8128898,
8128923,
8128927,
8128937,
8129088,
8129105,
8129121,
8129450,
8129480,
8129497,
8129538,
8129553,
8129563,
8129570,
8129690,
8129807,
8129846,
8129946,
8129970,
8130040,
8130112,
8130127,
8130138,
8130162,
8130182,
8130239,
8130293,
8130307,
8130490,
8130897,
8130993,
8131165,
8131287,
8131292,
8131382,
8131491,
8131509,
8131518,
8131633,
8131643,
8131694,
8131870,
8131935,
8131986,
8132013,
8132126,
8132210,
8132220,
8132235,
8132325,
8132379,
8132385,
8132393,
8132453,
8132466,
8132476,
8132514,
8132523,
8132567,
8132708,
8132730,
8132747,
8136078,
8129352,
8129390,
8129654,
8129849,
8129909,
8129911,
8129940,
8129973,
8130565,
8130643,
8130678,
8130845,
8130954,
8131168,
8131388,
8131436,
8131578,
8131610,
8131692,
8132176,
8132343,
8132412,
8132486,
8132763,
8132775,
8132806,
8132847,
8132862,
8132989,
8133004,
8133052,
8133066,
8133069,
8133085,
8133102,
8133135,
8133147,
8133171,
8133187,
8133297,
8133332,
8133371,
8133374,
8133457,
8133492,
8133502,
8133517,
8133523,
8133550,
8133556,
8133567,
8133590,
8133850,
8133857,
8133878,
8128481,
8134042,
8134115,
8134131,
8134138,
8134149,
8134208,
8134274,
8134405,
8134483,
8134560,
8134562,
8134616,
8134655,
8134665,
8134721,
8134728,
8134758,
8134794,
8134803,
8134861,
8134866,
8134920,
8134951,
8134967,
8134992,
8135006,
8135055,
8135067,
8135130,
8135161,
8135180,
8135200,
8135211,
8135253,
8135279,
8135304,
8135342,
8135390,
8135413,
8135452,
8135512,
8135540,
8135564,
8135617,
8135644,
8135684,
8135767,
8135819,
8135846,
8135883,
8135933,
8136012,
8136047,
8136172,
8136181,
8136202,
8136236,
8136248,
8136346,
8136350,
8136377,
8136393,
8136419,
8136428,
8136541,
8136604,
8136670,
8136692,
8136700,
8136826,
8136833,
8136859,
8136868,
8136895,
8137002,
8137018,
8137127,
8137167,
8137178,
8137590,
8137621,
8137634,
8137646,
8137662,
8137704,
8137724,
8137726,
8137734,
8137770,
8137779,
8137795,
8137807,
8137810,
8137815,
8137829,
8137983,
8138004,
8138151,
8138192,
8138269,
8138290,
8138297,
8138314,
8138359,
8138434,
8138436,
8138559,
8138560,
8138606,
8138762,
8138795,
8138872,
8138927,
8138949,
8138968,
8139028,
8139043,
8139052,
8139091,
8139145,
8139149,
8139175,
8139203,
8139283,
8139309,
8139484,
8139486,
8139537,
8139559,
8139591,
8139612,
8139617,
8139637,
8139653,
8139665,
8139683,
8139721,
8139800,
8139809,
8139822,
8139849,
8139858,
8139865,
8139876,
8139881,
8139891,
8139936,
8140013,
8140030,
8140047,
8140110,
8140194,
8140203,
8140227,
8140327,
8140331,
8140435,
8140461,
8140523,
8140530,
8140561,
8140635,
8140709,
8140757,
8140816,
8140867,
8140901,
8140956,
8141019,
8141104,
8141169,
8141177,
8141289,
8141302,
8141315,
8141398,
8141471,
8141475,
8141488,
8141496,
8141557,
8141561,
8141610,
8141615,
8141620,
8141635,
8141652,
8141668,
8141719,
8141734,
8141738,
8141755,
8141757,
8141764,
8141786,
8141789,
8141795,
8141812,
8141819,
8141832,
8141868,
8141886,
8141903,
8141917,
8141929,
8141940,
8141943,
8142023,
8142059,
8142065,
8142070,
8144365,
8142082,
8142085,
8142107,
8142117,
8142134,
8142137,
8142145,
8142156,
8142159,
8142180,
8142321,
8142333,
8142471,
8142604,
8142622,
8142639,
8142690,
8160819,
8142727,
8142741,
8142789,
8142809,
8142812,
8142816,
8142819,
8142912,
8142942,
8143004,
8143012,
8143021,
8143028,
8143043,
8143080,
8143174,
8143191,
8143194,
8143216,
8154217,
8143254,
8143267,
8143383,
8143388,
8143390,
8143393,
8143411,
8143414,
8143428,
8143502,
8143533,
8143538,
8143547,
8143577,
8143612,
8143644,
8143679,
8143717,
8143719,
8143744,
8143767,
8143810,
8143822,
8143840,
8143863,
8143875,
8143891,
8143897,
8143901,
8143926,
8143976,
8144144,
8144221,
8144237,
8144245,
8144253,
8144258,
8144344,
8144349,
8144409,
8144415,
8144427,
8144473,
8144629,
8144551,
8144688,
8144698,
8144736,
8144816,
8144908,
8076096,
8145001,
8145007,
8145022,
8145024,
8145028,
8145084,
8145093,
8145095,
8145105,
8145168,
8145388,
8145494,
8145519,
8145590,
8145609,
8145761,
8145848,
8145940,
8145943,
8145950,
8145978,
8145989,
8145993,
8146019,
8146036,
8146093,
8146120,
8146196,
8146251,
8146346,
8146358,
8146362,
8095791,
8146367,
8146408,
8146430,
8146436,
8146447,
8146457,
8146469,
8146472,
8146486,
8146489,
8146501,
8146505,
8146514,
8146544,
8146610,
8146641,
8146644,
8146662,
8146665,
8146711,
8146809,
8146812,
8146827,
8146832,
8146894,
8146899,
8146907,
8146925,
8146927,
8146936,
8146942,
8147015,
8147039,
8147207,
8147292,
8147296,
8147300,
8147337,
8147359,
8147380,
8147389,
8147430,
8147432,
8147436,
8147527,
8147569,
8147624,
8147630,
8147660,
8147690,
8147788,
8147893,
8147942,
8147981,
8147988,
8147997,
8148010,
8148053,
8148057,
8148065,
8148087,
8148114,
8148185,
8148286,
8148295,
8148309,
8148328,
8148332,
8148339,
8148396,
8148406,
8148592,
8148599,
8148605,
8148634,
8148645,
8148807,
8148914,
8148987,
8148996,
8149121,
8149249,
8149260,
8149373,
8149376,
8149389,
8149480,
8149523,
8149545,
8149571,
8149631,
8149720,
8149759,
8149779,
8149872,
8149893,
8149898,
8149906,
8149931,
8149973,
8149999,
8150104,
8150110,
8150210,
8150245,
8150384,
8150411,
8150480,
8150518,
8150542,
8150564,
8150573,
8150581,
8150599,
8150603,
8150649,
8150659,
8150680,
8150718,
8150748,
8150773,
8150776,
8150778,
8150841,
8150932,
8150938,
8150961,
8150987,
8151007,
8151009,
8151052,
8151054,
8151059,
8151064,
8151198,
8151214,
8151233,
8151240,
8151306,
8151311,
8151321,
8151335,
8151360,
8151406,
8151472,
8151541,
8151556,
8151581,
8151603,
8151656,
8151665,
8151697,
8151702,
8151710,
8151743,
8151804,
8151809,
8151831,
8151964,
8151979,
8151983,
8152003,
8152064,
8152171,
8152202,
8152257,
8152353,
8152420,
8152493,
8152502,
8152704,
8152819,
8152821,
8152863,
8152916,
8152966,
8152985,
8152998,
8153016,
8153048,
8153057,
8153071,
8153077,
8153096,
8153106,
8153165,
8153178,
8153212,
8153215,
8153266,
8153360,
8153407,
8153422,
8153436,
8153458,
8153464,
8153471,
8153582,
8153648,
8153660,
8153667,
8153673,
8153695,
8153762,
8153765,
8153802,
8153820,
8153839,
8153859,
8153911,
8153919,
8153922,
8153998,
8154018,
8154022,
8154042,
8154057,
8154176,
8154213,
8154217,
8154245,
8154248,
8154278,
8154310,
8154344,
8154348,
8154373,
8154376,
8154409,
8154419,
8154498,
8154549,
8154552,
8154682,
8154739,
8154864,
8154866,
8154885,
8154965,
8154967,
8155000,
8155007,
8155016,
8155042,
8155099,
8155105,
8155133,
8155137,
8155283,
8155345,
8155350,
8155353,
8155424,
8155442,
8155453,
8155461,
8155467,
8155469,
8155475,
8155662,
8155669,
8155748,
8155784,
8155832,
8155839,
8155842,
8155873,
8155880,
8155915,
8155934,
8155977,
8156010,
8156019,
8156072,
8156120,
8156180,
8156204,
8156225,
8156230,
8156239,
8156257,
8156273,
8156280,
8156336,
8156346,
8156356,
8156374,
8149893,
8156485,
8156522,
8156526,
8156533,
8156538,
8156543,
8156546,
8156569,
8156612,
8156641,
8156657,
8156691,
8156708,
8156779,
8156807,
8156876,
8156922,
8156954,
8156981,
8156985,
8157008,
8157048,
8157051,
8157119,
8157221,
8157267,
8157281,
8157295,
8157340,
8157346,
8157372,
8157426,
8157437,
8157483,
8157517,
8157528,
8157530,
8157534,
8157543,
8157547,
8157551,
8157574,
8157582,
8157603,
8157642,
8157719,
8157728,
8157768,
8157794,
8157816,
8157819,
8157825,
8157856,
8157882,
8157886,
8157908,
8157950,
8157958,
8157969,
8158016,
8158093,
8158095,
8158098,
8158131,
8158141,
8158177,
8158190,
8158285,
8158301,
8158322,
8158342,
8158351,
8158402,
8158409,
8158433,
8158459,
8158507,
8158532,
8158558,
8158560,
8158571,
8158577,
8158630,
8158673,
8158706,
8158730,
8158784,
8158786,
8158821,
8158894,
8158934,
8158952,
8158955,
8158971,
8158980,
8159008,
8159034,
8159065,
8159095,
8159128,
8159138,
8159206,
8159216,
8159240,
8159253,
8159270,
8159294,
8159406,
8159483,
8159498,
8159517,
8159520,
8159533,
8159546,
8159572,
8159601,
8159639,
8159674,
8159684,
8159753,
8159774,
8159975,
8159984,
8160006,
8160018,
8160020,
8160035,
8160054,
8160124,
8160138,
8160151,
8160219,
8160252,
8160254,
8160279,
8160301,
8160388,
8160402,
8160414,
8160459,
8160497,
8160513,
8160527,
8160532,
8160590,
8160596,
8160602,
8160632,
8160662,
8160688,
8160725,
8160737,
8160785,
8160814,
8160850,
8160854,
8160919,
8160959,
8161031,
8161040,
8161046,
8161061,
8161096,
8161124,
8161127,
8161134,
8161226,
8161254,
8161278,
8161320,
8161327,
8161331,
8161348,
8161372,
8161379,
8161399,
8161407,
8161450,
8161511,
8161660,
8161699,
8161730,
8161761,
8161801,
8161863,
8161865,
8161879,
8162010,
8162048,
8162071,
8162077,
8162126,
8162172,
8162175,
8162204,
8162253,
8162259,
8162272,
8162338,
8162349,
8162353,
8162361,
8162381,
8162384,
8162442,
8162457,
8162465,
8162525,
8162545,
8162558,
8162570,
8162572,
8162634,
8162651,
8097508,
8162682,
8162688,
8162713,
8162753,
8162811,
8162824,
8162869,
8162895,
8162901,
8162927,
8162946,
8162948,
8162962,
8162973,
8163073,
8163098,
8163100,
8163111,
8163176,
8163187,
8163193,
8163267,
8163274,
8163299,
8163367,
8163379,
8163386,
8163401,
8163405,
8163473,
8163499,
8163524,
8163562,
8163606,
8163608,
8163669,
8163671,
8163698,
8163792,
8163831,
8163846,
8163850,
8163866,
8163871,
8163877,
8163882,
8163890,
8163898,
8163911,
8163915,
8163969,
8163972,
8163975,
8163977,
8164026,
8164031,
8164057,
8164130,
8164141,
8164188,
8164256,
8164321,
8164327,
8164349,
8164386,
8164405,
8164419,
8164431,
8164466,
8164478,
8164484,
8164497,
8164518,
8164539,
8164549,
8164575,
8164577,
8164594,
8164629,
8164678,
8164930,
8164936,
8164966,
8164972,
8164976,
8164984,
8165010,
8165018,
8165020,
8165031,
8165037,
8165053,
8165063,
8165101,
8165123,
8165153,
8165158,
8165173,
8165175,
8165338,
8165351,
8165371,
8165376,
8165470,
8165474,
8165477,
8165479,
8165484,
8165500,
8165507,
8165527,
8165550,
8165602,
8165608,
8165620,
8165638,
8165648,
8165676,
8165718,
8165721,
8165867,
8076096,
8165999,
8166008,
8166017,
8166096,
8166118,
8166151,
8166160,
8166198,
8166207,
8166216,
8166248,
8166258,
8166261,
8166360,
8166378,
8166380,
8166407,
8166422,
8166426,
8166458,
8166480,
8166515,
8166527,
8166538,
8166548,
8166550,
8166668,
8166714,
8166718,
8166720,
8166728,
8166733,
8166744,
8166771,
8166780,
8166792,
8166864,
8166866,
8166892,
8166922,
8166954,
8166959,
8166984,
8166995,
8167035,
8167044,
8167058,
8167075,
8167188,
8167211,
8167268,
8167294,
8167333,
8167337,
8167412,
8167479,
8167502,
8125456,
8167546,
8167593,
8167609,
8167613,
8167620,
8167661,
8167668,
8167674,
8167692,
8167698,
8167701,
8167705,
8167719,
8167771,
8167804,
8167870,
8167882,
8167911,
8168028,
8168031,
8168035,
8168121,
8168149,
8168183,
8168219,
8168227,
8168232,
8168235,
8168261,
8168277,
8168281,
8168306,
8168316,
8168329,
8168394,
8168423,
8168428,
8168519,
8168527,
8168548,
8168551,
8168565,
8168572,
8168576,
8168582,
8168594,
8169142,
8168605,
8168732,
8168774,
8168798,
8168882,
8168963,
8168996,
8169003,
8169059,
8169082,
8169086,
8169205,
8169209,
8169229,
8169248,
8169250,
8169252,
8169284,
8169306,
8169326,
8169376,
8169401,
8169435,
8169453,
8169540,
8169595,
8169638,
8169645,
8126758,
8169657,
8169665,
8169671,
8169744,
8169750,
8169759,
8169766,
8169777,
8169810,
8169815,
8169820,
8169831,
8169849,
8169876,
8169882,
8169890,
8169906,
8169910,
8169918,
8169929,
8169954,
8169961,
8170008,
8170100,
8170125,
8170129,
8170133,
8170179,
8170181,
8170245,
8170271,
8170316,
8170341,
8170368,
8170388,
8170410,
8170477,
8196426,
8170568,
8170609,
8170652,
8170672,
8170688,
8170719,
8170756,
8170760,
8170852,
8170872,
8170885,
8170909,
8170928,
8170932,
8170936,
8170983,
8171033,
8171041,
8171085,
8171100,
8171105,
8171109,
8171138,
8171167,
8171229,
8171311,
8171318,
8171378,
8171445,
8171517,
8171523,
8171529,
8171573,
8171588,
8171592,
8171657,
8171668,
8171674,
8171702,
8171713,
8171750,
8171787,
8171847,
8171885,
8171929,
8171941,
8171959,
8172022,
8172058,
8172131,
8172180,
8172183,
8172193,
8172229,
8172250,
8172274,
8172330,
8172346,
8172348,
8172395,
8172444,
8172508,
8172591,
8172596,
8172603,
8172620,
8172674,
8172695,
8175641,
8172828,
8172857,
8172864,
8172868,
8172870,
8172887,
8172895,
8172902,
8172904,
8172944,
8172993,
8172996,
8173020,
8173043,
8173067,
8173085,
8173199,
8173215,
8173223,
8173276,
8173359,
8173378,
8173423,
8173428,
8173529,
8173540,
8173642,
8173644,
8173648,
8173660,
8173706,
8173718,
8173798,
8173804,
8173809,
8173817,
8173822,
8173869,
8174018,
8174066,
8174132,
8174158,
8174190,
8174193,
8174217,
8174248,
8174339,
8174341,
8174353,
8174358,
8174373,
8174408,
8174447,
8174460,
8174471,
8174488,
8174509,
8174529,
8174599,
8174668,
8174735,
8174760,
8174800,
8174808,
8174811,
8174821,
8174823,
8174827,
8174829,
8174835,
8174878,
8174906,
8174910,
8174919,
8174975,
8175148,
8175152,
8175156,
8175159,
8175162,
8175241,
8175260,
8175279,
8175287,
8175289,
8175293,
8175298,
8175318,
8175369,
8175470,
8175506,
8175515,
8175550,
8175587,
8175641,
8175693,
8175695,
8175722,
8175727,
8175770,
8175774,
8175778,
8175804,
8175850,
8175854,
8175906,
8175934,
8176002,
8176027,
8176041,
8176142,
8176333,
8176343,
8176401,
8176415,
8176428,
8176459,
8176524,
8176531,
8176558,
8176671,
8176674,
8176722,
8176751,
8176755,
8176769,
8176781,
8176849,
8176851,
8176862,
8176878,
8176882,
8176887,
8176897,
8176903,
8176921,
8176950,
8176962,
8177019,
8177027,
8177114,
8177167,
8177182,
8177259,
8177279,
8177286,
8177306,
8177325,
8177344,
8177352,
8177362,
8177393,
8177414,
8177423,
8177441,
8177475,
8177480,
8177495,
8177531,
8177621,
8177628,
8177632,
8177695,
8177734,
8177738,
8177740,
8177793,
8177799,
8177818,
8177853,
8177862,
8177866,
8177871,
8177904,
8177973,
8177996,
8178004,
8178051,
8178062,
8178081,
8178088,
8178103,
8178148,
8178314,
8178316,
8178338,
8178347,
8178442,
8178452,
8178473,
8178476,
8178484,
8178503,
8178509,
8178520,
8178571,
8178575,
8178634,
8178636,
8178638,
8178660,
8178667,
8178696,
8178704,
8178767,
8178840,
8178847,
8178915,
8178921,
8178937,
8178948,
8178953,
8178973,
8179046,
8179048,
8179074,
8179112,
8179264,
8179267,
8179343,
8179412,
8179417,
8179443,
8179507,
8179561,
8179568,
8179572,
8179602,
8179649,
8179673,
8179684,
8179719,
8179728,
8179742,
8179765,
8179773,
8179788,
8179832,
8179880,
8179905,
8179961,
8179984,
8179987,
8180007,
8180062,
8180066,
8183138,
8180192,
8180194,
8180197,
8180225,
8180251,
8180281,
8180317,
8180320,
8180328,
8180331,
8180362,
8180381,
8180387,
8180405,
8180411,
8180441,
8180468,
8180510,
8180527,
8180530,
8180537,
8180539,
8180557,
8180604,
8180635,
8180683,
8180758,
8180770,
8180778,
8180815,
8180921,
8180931,
8180950,
8180964,
8180981,
8180985,
8181006,
8181025,
8181097,
8181126,
8181176,
8181180,
8181223,
8181241,
8181289,
8181301,
8181332,
8181342,
8181394,
8181409,
8181435,
8181464,
8181472,
8181477,
8181484,
8181504,
8181507,
8181547,
8181550,
8181608,
8181665,
8181694,
8181698,
8181709,
8181747,
8181777,
8181806,
8181825,
8181839,
8181881,
8181889,
8181892,
8181894,
8181907,
8181974,
8182011,
8182022,
8182028,
8182111,
8182139,
8182181,
8182190,
8182327,
8182535,
8182542,
8182552,
8182560,
8182600,
8182644,
8182647,
8182676,
8182678,
8182760,
8182774,
8182778,
8182797,
8182812,
8182829,
8182856,
8182911,
8182938,
8182965,
8183054,
8183072,
8183080,
8183093,
8183100,
8183121,
8183158,
8183160,
8183169,
8183192,
8183283,
8183299,
8183366,
8183411,
8183415,
8183480,
8183486,
8183493,
8183535,
8183541,
8183586,
8183596,
8183608,
8183641,
8183645,
8183705,
8183792,
8183795,
8183799,
8183825,
8183840,
8183932,
8183980,
8183998,
8184038,
8184178,
8184182,
8184233,
8184247,
8184340,
8184353,
8184402,
8184411,
8184414,
8184433,
8184453,
8184456,
8184468,
8184472,
8184476,
8184499,
8184504,
8184513,
8184526,
8184590,
8184609,
8184619,
8184645,
8184726,
8184730,
8184743,
8184747,
8184785,
8184929,
8184933,
8184971,
8184977,
8185044,
8185060,
8185100,
8185168,
8185178,
8185185,
8185204,
8185384,
8185406,
8185408,
8185418,
8185422,
8185435,
8185437,
8185453,
8185467,
8185533,
8185545,
8185560,
8185564,
8185606,
8185631,
8185658,
8185660,
8185665,
8185667,
8185708,
8185710,
8185781,
8185797,
8185824,
8185840,
8185928,
8185934,
8185943,
8185958,
8186044,
8186061,
8186066,
8186080,
8186228,
8186236,
8186270,
8186272,
8186274,
8186285,
8186310,
8186352,
8186479,
8186483,
8186491,
8186497,
8186501,
8186508,
8186520,
8186551,
8186557,
8186589,
8186591,
8186628,
8186645,
8186683,
8186690,
8186695,
8186711,
8186724,
8186741,
8186831,
8186929,
8186942,
8186959,
8187019,
8187031,
8187039,
8187079,
8187128,
8187136,
8187155,
8193307,
8187164,
8187176,
8187209,
8187214,
8187291,
8187297,
8187325,
8187335,
8187355,
8187378,
8187396,
8187411,
8187440,
8187447,
8187450,
8187471,
8187525,
8187549,
8187588,
8187609,
8187613,
8187630,
8187633,
8187667,
8187707,
8187716,
8187734,
8187749,
8187761,
8187765,
8187779,
8187802,
8187817,
8187977,
8188004,
8188006,
8188080,
8188092,
8188095,
8188100,
8188249,
8188253,
8188266,
8188277,
8188279,
8188346,
8188353,
8188355,
8188367,
8188422,
8188534,
8188579,
8188591,
8188665,
8188667,
8188671,
8188674,
8188693,
8188697,
8188704,
8188711,
8188720,
8188746,
8188756,
8188758,
8188794,
8188797,
8188850,
8188865,
8188952,
8188961,
8188982,
8188985,
8188987,
8188991,
8189054,
8189056,
8189072,
8189146,
8189152,
8189255,
8189262,
8189274,
8189294,
8189316,
8189355,
8189357,
8189397,
8189423,
8189448,
8189541,
8189574,
8189577,
8189660,
8189666,
8189672,
8189676,
8189689,
8189724,
8189726,
8189743,
8189755,
8189767,
8189775,
8189777,
8189870,
8189907,
8189914,
8189994,
8189998,
8190164,
8190191,
8190218,
8190224,
8190229,
8190251,
8190269,
8190288,
8190379,
8190385,
8190401,
8190415,
8190452,
8190505,
8190514,
8190561,
8190696,
8190746,
8190781,
8190784,
8190807,
8190815,
8190825,
8190867,
8190901,
8190951,
8190962,
8190993,
8190997,
8190999,
8191010,
8191020,
8191071,
8191080,
8191083,
8191086,
8191091,
8191132,
8191136,
8118157,
8191183,
8191185,
8191239,
8191247,
8191249,
8191255,
8137573,
8191311,
8191317,
8191320,
8191337,
8191339,
8191343,
8191350,
8191359,
8191370,
8191580,
8191582,
8191590,
8191593,
8191596,
8191619,
8191624,
8191630,
8191636,
8191660,
8191669,
8191671,
8191678,
8191682,
8191711,
8191734,
8191796,
8191813,
8191879,
8191892,
8191927,
8191929,
8191951,
8191972,
8192007,
8192087,
8192092,
8192134,
8192143,
8192151,
8192176,
8192204,
8192212,
8192292,
8192307,
8192329,
8192372,
8192434,
8192440,
8192479,
8192506,
8192599,
8192617,
8192636,
8192653,
8192673,
8192689,
8192697,
8192699,
8192715,
8192744,
8192839,
8192859,
8192865,
8192891,
8192929,
8192953,
8192956,
8193032,
8193060,
8193068,
8193075,
8141832,
8193116,
8193165,
8193195,
8193200,
8193203,
8141832,
8193241,
8193258,
8193262,
8193266,
8193270,
8193274,
8193278,
8193282,
8193286,
8193324,
8193326,
8193336,
8193364,
8193462,
8193470,
8193475,
8193479,
8193483,
8193485,
8193492,
8193497,
8193501,
8193505,
8193509,
8193809,
8193815,
8193826,
8193841,
8193844,
8193847,
8193850,
8076096,
8193876,
8193885,
8193895,
8193968,
8193971,
8193973,
8193975,
8193979,
8194031,
8194047,
8194108,
8194121,
8194127,
8194144,
8194146,
8194220,
8194259,
8194315,
8194328,
8194333,
8194343,
8194390,
8194396,
8194425,
8194430,
8194463,
8194471,
8194485,
8194487,
8194501,
8194504,
8194523,
8194528,
8194568,
8194570,
8194575,
8194644,
8194646,
8194651,
8194681,
8194692,
8194697,
8194737,
8194767,
8194805,
8194814,
8194823,
8194834,
8194866,
8194872,
8194885,
8194890,
8194960,
8195012,
8195014,
8195019,
8195021,
8195026,
8195038,
8195091,
8195205,
8195209,
8195212,
8195216,
8195247,
8195251,
8195257,
8195294,
8195350,
8195355,
8195357,
8195464,
8195486,
8195516,
8195529,
8195546,
8195565,
8195613,
8195647,
8195661,
8195663,
8195675,
8195681,
8195741,
8195791,
8195810,
8195835,
8195844,
8195856,
8195862,
8195879,
8195893,
8195901,
8195907,
8195918,
8195980,
8196035,
8196039,
8196053,
8196057,
8196073,
8196114,
8196116,
8196122,
8196127,
8196142,
8196144,
8196152,
8196157,
8196160,
8196175,
8196178,
8196185,
8196220,
8196231,
8196253,
8196256,
8196260,
8196270,
8196302,
8196309,
8196315,
8196320,
8196350,
8196352,
8196392,
8196416,
8196420,
8196426,
8196433,
8196518,
8196526,
8196539,
8196549,
8196555,
8196564,
8196625,
8196631,
8196755,
8196770,
8196819,
8196825,
8196854,
8196884,
8196943,
8197110,
8197142,
8197150,
8197155,
8197161,
8197244,
8197276,
8197283,
8197289,
8197309,
8197340,
8197358,
8197380,
8197390,
8197398,
8197401,
8197439,
8197443,
8197447,
8197473,
8197477,
8197488,
8197492,
8197499,
8197501,
8197514,
8197620,
8197623,
8197672,
8197674,
8197692,
8197703,
8197710,
8197725,
8197754,
8197795,
8197799,
8197864,
8197887,
8197895,
8197907,
8197913,
8197943,
8197963,
8197970,
8198046,
8198056,
8198059,
8198061,
8198073,
8198076,
8198096,
8198102,
8198126,
8198134,
8198137,
8198180,
8198184,
8198208,
8198218,
8198225,
8198235,
8198256,
8198266,
8198268,
8198301,
8198305,
8198308,
8198319,
8198322,
8198336,
8198344,
8198374,
8198419,
8198421,
8198423,
8198437,
8198441,
8198483,
8198511,
8198522,
8198526,
8198562,
8198585,
8198587,
8198602,
8198604,
8198610,
8198629,
8198701,
8198704,
8198795,
8198817,
8198863,
8198883,
8198891,
8198906,
8198922,
8198962,
8198999,
8199002,
8199008,
8199048,
8199084,
8199104,
8199145,
8199163,
8199167,
8199172,
8199210,
8199216,
8199220,
8199230,
8199265,
8199275,
8199280,
8199315,
8199357,
8199377,
8199380,
8199382,
8199396,
8199408,
8199461,
8199475,
8199480,
8199507,
8199516,
8199530,
8199552,
8199574,
8199577,
8199579,
8199611,
8199615,
8199619,
8199642,
8199644,
8199650,
8199657,
8199734,
8199750,
8199759,
8199805,
8199832,
8199871,
8199879,
8199919,
8199923,
8199928,
8199938,
8199976,
8199990,
8199997,
8200043,
8200045,
8200047,
8200049,
8200051,
8200053,
8200178,
8200183,
8200188,
8200191,
8200200,
8200204,
8200206,
8200228,
8200232,
8200239,
8200244,
8200260,
8200281,
8200284,
8200286,
8200295,
8200383,
8200389,
8200447,
8200454,
8200461,
8200472,
8200479,
8200483,
8200528,
8200533,
8200596,
8200604,
8200630,
8200642,
8200649,
8200663,
8200666,
8200674,
8200686,
8200712,
8200732,
8200788,
8200808,
8200813,
8200909,
8200946,
8200972,
8200997,
8201001,
8201025,
8201033,
8201039,
8201064,
8201080,
8201083,
8201088,
8201094,
8201113,
8201115,
8201134,
8201137,
8201186,
8201193,
8201202,
8201205,
8201282,
8201284,
8201302,
8201329,
8201357,
8201365,
8201376,
8201381,
8201383,
8201410,
8201412,
8201416,
8201419,
8201424,
8201427,
8201430,
8201473,
8201480,
8201495,
8201500,
8201503,
8201508,
8201515,
8201520,
8201526,
8201532,
8201534,
8201546,
8201549,
8201557,
8201577,
8201583,
8201594,
8201598,
8201603,
8201606,
8201618,
8201626,
8201634,
8201670,
8201675,
8201684,
8201693,
8201700,
8201773,
8201788,
8201794,
8201842,
8201864,
8201867,
8201878,
8201885,
8201897,
8201905,
8201931,
8201941,
8201947,
8201956,
8201960,
8201969,
8201973,
8201994,
8202000,
8202040,
8202053,
8202119,
8202147,
8202149,
8202156,
8202160,
8202164,
8202166,
8202171,
8202175,
8202179,
8202194,
8202200,
8202202,
8202206,
8202226,
8202228,
8202248,
8202278,
8202281,
8202292,
8202320,
8202325,
8202335,
8202387,
8202464,
8202486,
8202492,
8202502,
8202518,
8202523,
8202543,
8202558,
8202566,
8202569,
8202589,
8202616,
8202620,
8202625,
8202645,
8202651,
8202654,
8202662,
8202708,
8202714,
8202720,
8202730,
8202732,
8202746,
8202757,
8202822,
8202834,
8202844,
8202846,
8202848,
8202853,
8202856,
8202859,
8202861,
8202865,
8202869,
8202885,
8202887,
8202890,
8202920,
8202936,
8202943,
8202952,
8202956,
8202981,
8203012,
8203026,
8203030,
8203032,
8203047,
8203088,
8203090,
8203111,
8203131,
8203145,
8203147,
8203153,
8203156,
8203160,
8203172,
8203175,
8203187,
8203194,
8203197,
8203200,
8203202,
8203204,
8203210,
8203217,
8203220,
8203235,
8203276,
8203279,
8203282,
8203296,
8203310,
8203318,
8203328,
8203357,
8203359,
8203373,
8203385,
8203388,
8203390,
8203393,
8203395,
8203401,
8203444,
8203465,
8203473,
8203478,
8203498,
8203500,
8203507,
8203509,
8203526,
8203535,
8203538,
8203542,
8203549,
8203574,
8203576,
8203591,
8203613,
8203634,
8203668,
8203677,
8203683,
8203691,
8203782,
8203786,
8203813,
8203815,
8203819,
8203855,
8203860,
8203862,
8203866,
8203876,
8203878,
8203881,
8203914,
8203978,
8204047,
8204075,
8204079,
8204098,
8204114,
8204125,
8204150,
8204152,
8204158,
8204160,
8204167,
8204173,
8204180,
8204190,
8204209,
8204234,
8204237,
8204241,
8204244,
8204248,
8204268,
8204274,
8204288,
8204290,
8204294,
8204300,
8204305,
8204316,
8204322,
8204325,
8204332,
8204343,
8204387,
8204403,
8204418,
8204441,
8204458,
8204461,
8204465,
8204473,
8204488,
8204490,
8204493,
8204497,
8204499,
8204514,
8204516,
8204531,
8204543,
8204560,
8204565,
8204600,
8204626,
8204633,
8204722,
8204800,
8204803,
8204939,
8204947,
8204954,
8204959,
8204978,
8204986,
8205007,
8205018,
8205021,
8205041,
8205070,
8205073,
8205075,
8205096,
8205100,
8205136,
8205139,
8205152,
8205160,
8205164,
8205166,
8205169,
8205172,
8205178,
8205180,
8205186,
8205203,
8205207,
8205225,
8205235,
8205250,
8205310,
8205331,
8205333,
8205337,
8205340,
8205342,
8205348,
8205364,
8205366,
8205371,
8205392,
8205396,
8205401,
8205405,
8205430,
8205464,
8205472,
8205475,
8205478,
8205481,
8205484,
8205487,
8205512,
8205518,
8205571,
8205576,
8205606,
8205608,
8205615,
8205645,
8205658,
8205660,
8205688,
8205761,
8205763,
8205766,
8205775,
8205808,
8205822,
8205831,
8205833,
8205836,
8205859,
8205863,
8205865,
8205870,
8205872,
8205876,
8205879,
8205882,
8205895,
8205897,
8205911,
8205915,
8205924,
8205938,
8205940,
8205942,
8205947,
8205952,
8205960,
8205966,
8206004,
8206010,
8206024,
8206033,
8206035,
8206057,
8206076,
8206111,
8206122,
8206125,
8206132,
8206138,
8206199,
8206212,
8206226,
8206240,
8206282,
8206286,
8206289,
8206315,
8206418,
8206420,
8206487,
8206490,
8206497,
8206518,
8206522,
8206524,
8206534,
8206542,
8206549,
8206551,
8206630,
8206638,
8206642,
8206646,
8206678,
8206681,
8206687,
8206697,
8206700,
8206703,
8206711,
8206714,
8206717,
8206719,
8206734,
8206785,
8206797,
8206816,
8206836,
8206879,
8206883,
8206886,
8206898,
8206904,
8206907,
8206910,
8206912,
8206926,
8206928,
8206930,
8207050,
8207071,
8207079,
8207083,
8207087,
8207094,
8207130,
8207134,
8207154,
8207157,
8207161,
8207167,
8207171,
8207179,
8207198,
8207203,
8207250,
8207257,
8207265,
8207270,
8207284,
8207314,
8207323,
8207345,
8207348,
8207389,
8207394,
8207400,
8207402,
8207404,
8207427,
8207432,
8207438,
8207441,
8207443,
8207455,
8207467,
8207472,
8207489,
8207492,
8207497,
8207520,
8207523,
8207536,
8207554,
8207557,
8207579,
8207588,
8207598,
8207601,
8207621,
8207630,
8207633,
8207635,
8207656,
8207667,
8207674,
8207720,
8207722,
8207736,
8207739,
8207749,
8207751,
8207763,
8207789,
8207799,
8207804,
8207811,
8207834,
8207849,
8207864,
8207866,
8207892,
8207894,
8207902,
8207907,
8207913,
8207929,
8207945,
8207956,
8207958,
8208065,
8208069,
8208076,
8208096,
8208098,
8208111,
8208113,
8208134,
8208139,
8208150,
8208158,
8208162,
8208174,
8208184,
8208194,
8208196,
8208198,
8208215,
8208218,
8208222,
8208232,
8208262,
8208279,
8208284,
8208296,
8208301,
8208308,
8208313,
8208333,
8208336,
8208343,
8208349,
8208352,
8208357,
8208380,
8208464,
8208467,
8208471,
8208508,
8208569,
8208571,
8208577,
8208582,
8208597,
8208609,
8208611,
8208623,
8208625,
8208628,
8208632,
8208634,
8208637,
8208640,
8208661,
8208663,
8208667,
8208669,
8208696,
8208743,
8208778,
8208786,
8208845,
8208850,
8208856,
8208865,
8208870,
8208872,
8208881,
8208894,
8208896,
8208900,
8208903,
8208905,
8208908,
8208912,
8208916,
8208925,
8208929,
8208938,
8208941,
8208960,
8208962,
8208966,
8208970,
8208979,
8208983,
8208990,
8208992,
8209002,
8209006,
8209016,
8209031,
8209037,
8209039,
8209042,
8209044,
8209089,
8209097,
8209115,
8209154,
8209163,
8209179,
8209182,
8209201,
8209208,
8209210,
8209214,
8209225,
8209227,
8209254,
8209261,
8209274,
8209278,
8209295,
8209301,
8209304,
8209325,
8209349,
8209353,
8209385,
8209395,
8209411,
8209422,
8209429,
8209431,
8209433,
8209442,
8209444,
8209451,
8209458,
8209481,
8209487,
8209501,
8209505,
8209515,
8209595,
8209618,
8209644,
8209651,
8209681,
8209699,
8209729,
8209758,
8209760,
8209764,
8209827,
8209847,
8209849,
8209877,
8209896,
8209898,
8209902,
8209915,
8209938,
8209946,
8209950,
8209997,
8210045,
8210052,
8210069,
8210102,
8210120,
8210123,
8210126,
8210146,
8210155,
8210170,
8210196,
8210199,
8210241,
8210243,
8210245,
8210260,
8210313,
8210320,
8210326,
8210349,
8210353,
8210375,
8210377,
8210382,
8210387,
8210389,
8210391,
8210427,
8210433,
8210453,
8210472,
8210483,
8210502,
8210540,
8210581,
8210588,
8210609,
8210621,
8210624,
8210636,
8210645,
8210665,
8210667,
8210670,
8210678,
8210703,
8210705,
8210738,
8210742,
8210755,
8210765,
8210768,
8210770,
8210772,
8210776,
8210778,
8210784,
8210794,
8210797,
8210799,
8210801,
8210804,
8210807,
8210809,
8210827,
8210833,
8210836,
8210840,
8210845,
8210847,
8210850,
8210917,
8210920,
8210922,
8210925,
8210939,
8210941,
8211022,
8211027,
8211036,
8211062,
8211064,
8211075,
8211087,
8211092,
8211101,
8211103,
8211120,
8211130,
8211155,
8211187,
8211226,
8211253,
8211257,
8211286,
8211299,
8211343,
8211348,
8211357,
8211359,
8211374,
8211391,
8211421,
8211427,
8211430,
8211441,
8211448,
8211459,
8211507,
8211524,
8211558,
8211572,
8211582,
8211585,
8211591,
8211610,
8211616,
8211618,
8211621,
8211639,
8211642,
8211647,
8211670,
8211672,
8211679,
8211684,
8211698,
8211703,
8211734,
8211773,
8211776,
8211778,
8211781,
8211785,
8211790,
8211877,
8211888,
8211893,
8211898,
8211900,
8211908,
8211911,
8211922,
8211929,
8211931,
8211945,
8211948,
8211951,
8211954,
8211959,
8211961,
8211972,
8212012,
8212020,
8212032,
8212054,
8212061,
8212064,
8212069,
8212090,
8212094,
8212103,
8212111,
8212116,
8212121,
8212131,
8212134,
8212230,
8212233,
8212242,
8212248,
8212250,
8212298,
8212331,
8212342,
8212346,
8212351,
8212394,
8212396,
8212399,
8212401,
8212414,
8212416,
8212419,
8212431,
8212438,
8212442,
8212451,
8212456,
8212468,
8212478,
8212502,
8212504,
8212507,
8212513,
8212519,
8212536,
8212550,
8212610,
8212622,
8212624,
8212628,
8212632,
8212639,
8212642,
8212644,
8210157)
union all

SELECT userId, Usado as Usado_Capa, getdate() as ''DtHora'' , ''2'' as ''id_servico''

 FROM v_consumoConsolidado (NOLOCK)

 WHERE id_servico = 2

 AND ano = 2023

 AND mes = 6 

AND userId  
in (
8069169,
8062851,
8081673,
8086418,
8070502,
8071017,
8075036,
8073765,
8074952,
8075114,
8075146,
8076226,
8076631,
8077122,
8078097,
8078322,
8078714,
8078878,
8079517,
8079522,
8079620,
8079622,
8079776,
8080074,
8080082,
8080118,
8080193,
8081146,
8081332,
8081810,
8102023,
8083513,
8083760,
8084466,
8084704,
8084777,
8084901,
8092347,
8085100,
8085238,
8085273,
8085323,
8086242,
8085585,
8085896,
8076096,
8086099,
8086136,
8086332,
8087129,
8087185,
8087201,
8087260,
8087356,
8092132,
8088020,
8092214,
8089069,
8089300,
8089450,
8089980,
8090573,
8090688,
8091102,
8091426,
8091575,
8091697,
8091736,
8107511,
8096666,
8092347,
8092416,
8094052,
8097357,
8094992,
8095198,
8092828,
8096125,
8096228,
8096267,
8096786,
8097542,
8097874,
8098659,
8098927,
8099283,
8099587,
8099607,
8099650,
8100071,
8100164,
8100298,
8100426,
8120087,
8102017,
8102228,
8102667,
8102669,
8104146,
8104318,
8104838,
8104840,
8104842,
8106847,
8106911,
8106968,
8107543,
8108278,
8108408,
8110144,
8110315,
8111409,
8111680,
8111867,
8112043,
8112108,
8113210,
8113379,
8113402,
8113565,
8113772,
8113795,
8113859,
8114856,
8115091,
8117406,
8117466,
8118056,
8119171,
8121282,
8121676,
8123222,
8123496,
8125660,
8126714,
8128127,
8128180,
8129298,
8130655,
8132818,
8081673,
8134122,
8134133,
8134705,
8134813,
8135727,
8136431,
8137033,
8138206,
8138631,
8138783,
8139270,
8139758,
8140403,
8140535,
8140679,
8140717,
8141183,
8141415,
8141492,
8141780,
8142143,
8142193,
8144331,
8144378,
8144717,
8145037,
8145113,
8145351,
8145358,
8145370,
8146260,
8081673,
8146805,
8146944,
8147019,
8148510,
8149196,
8149993,
8150231,
8150936,
8151402,
8152249,
8152396,
8152507,
8152767,
8153112,
8154071,
8155195,
8156823,
8156854,
8156942,
8157591,
8158710,
8159080,
8159212,
8159993,
8161368,
8161595,
8161623,
8161975,
8162553,
8162601,
8162697,
8163580,
8163905,
8164077,
8164085,
8164474,
8164894,
8165310,
8165813,
8165928,
8081673,
8166907,
8166911,
8166998,
8167557,
8169016,
8169170,
8169912,
8170623,
8170627,
8170979,
8171696,
8172083,
8172112,
8172470,
8172578,
8172583,
8172645,
8172663,
8172709,
8172949,
8173490,
8173590,
8174458,
8174473,
8174947,
8175249,
8175525,
8091736,
8176216,
8177193,
8177288,
8177626,
8177707,
8177754,
8177816,
8178349,
8178364,
8178896,
8179179,
8179187,
8179503,
8180090,
8180181,
8180277,
8180283,
8180656,
8180660,
8180687,
8181040,
8181044,
8181382,
8181386,
8181390,
8181396,
8181401,
8181405,
8181525,
8181781,
8183433,
8183457,
8183782,
8184075,
8184210,
8184327,
8184331,
8184699,
8184716,
8184858,
8185189,
8185645,
8185846,
8186224,
8186230,
8186364,
8186511,
8187201,
8187205,
8187436,
8187617,
8187621,
8187625,
8187984,
8188651,
8189048,
8189140,
8190827,
8189270,
8189304,
8189322,
8189337,
8189418,
8189687,
8189706,
8189779,
8110144,
8189265,
8191162,
8191174,
8125660,
8192208,
8192285,
8192594,
8192861,
8193028,
8193039,
8194195,
8194556,
8194615,
8194803,
8194899,
8195253,
8195838,
8196306,
8196396,
8196403,
8196409,
8196751,
8196794,
8196808,
8196836,
8197497,
8197966,
8197986,
8198221,
8198230,
8198330,
8198583,
8198598,
8198835,
8198978,
8198987,
8199342,
8199398,
8199452,
8199653,
8199661,
8200029,
8200256,
8200363,
8200489,
8200637,
8200928,
8201035,
8201188,
8201562,
8201566,
8201856,
8201909,
8201913,
8202204,
8202221,
8202458,
8202554,
8202985,
8203225,
8203303,
8203316,
8203324,
8203346,
8204083,
8204252,
8204261,
8204277,
8204298,
8204397,
8204401,
8204469,
8204477,
8204545,
8204552,
8204556,
8204621,
8204744,
8205327,
8205436,
8205662,
8205918,
8205990,
8205995,
8206014,
8206441,
8207446,
8207452,
8207457,
8207459,
8207474,
8207628,
8208648,
8209235,
8209413,
8209891,
8210399,
8210458,
8210659,
8212164,
8212166,
8212474,
8083516,
8073634,
8074830,
8074849,
8075083,
8055307,
8063548,
8068261,
8068401,
8068415,
8078925,
8068912,
8071213,
8071739,
8072632,
8072684,
8073274,
8073696,
8075346,
8075570,
8075600,
8075640,
8075671,
8075755,
8072905,
8075866,
8076032,
8076145,
8076156,
8076352,
8076591,
8076619,
8076636,
8076863,
8076871,
8076942,
8076971,
8076984,
8077100,
8083421,
8077133,
8077217,
8077341,
8077464,
8077612,
8072099,
8077699,
8078264,
8078472,
8078634,
8078647,
8065037,
8065794,
8066119,
8083568,
8067552,
8068272,
8078252,
8070110,
8070443,
8072167,
8071255,
8078754,
8078765,
8059453,
8061519,
8061639,
8065330,
8066947,
8169326,
8067966,
8068248,
8122201,
8069114,
8069803,
8070194,
8070666,
8071534,
8072212,
8073920,
8078821,
8079015,
8078959,
8079212,
8079381,
8079433,
8079540,
8079559,
8079659,
8079666,
8079676,
8079758,
8079842,
8079974,
8079058,
8079995,
8080064,
8080133,
8080135,
8080266,
8080300,
8080355,
8080408,
8080442,
8080517,
8080616,
8080667,
8080687,
8080730,
8080937,
8080968,
8080980,
8081041,
8081099,
8081299,
8081328,
8081356,
8081393,
8081438,
8081481,
8109335,
8055743,
8055769,
8057883,
8059114,
8061529,
8072701,
8062845,
8094208,
8152514,
8063550,
8063892,
8063958,
8064486,
8064856,
8064907,
8065153,
8065179,
8065190,
8065656,
8066077,
8066150,
8066293,
8066379,
8066715,
8066730,
8066995,
8067059,
8067088,
8067404,
8067672,
8067674,
8067941,
8068012,
8068263,
8068297,
8068421,
8068462,
8068634,
8068672,
8069181,
8069339,
8069858,
8070092,
8103887,
8070492,
8071257,
8098555,
8071306,
8071776,
8072035,
8072437,
8072990,
8073400,
8073772,
8074015,
8074124,
8074742,
8086472,
8081648,
8081679,
8081720,
8081748,
8081778,
8081808,
8081977,
8081992,
8082002,
8082068,
8082201,
8082203,
8082229,
8082256,
8082268,
8082270,
8082308,
8082342,
8082363,
8082415,
8082450,
8082461,
8082463,
8082647,
8082658,
8082679,
8082778,
8082874,
8082988,
8083015,
8083115,
8083131,
8083164,
8083342,
8083391,
8083409,
8083516,
8083518,
8085912,
8083587,
8083589,
8083611,
8083624,
8083692,
8083694,
8083700,
8083762,
8083799,
8083866,
8083876,
8084050,
8084057,
8084059,
8084061,
8084114,
8084152,
8084232,
8084250,
8084252,
8084274,
8084307,
8084340,
8084344,
8084371,
8084399,
8084528,
8084549,
8084557,
8084566,
8084642,
8084664,
8084669,
8084734,
8084783,
8084818,
8084865,
8085068,
8085165,
8085240,
8085384,
8085531,
8085714,
8085716,
8085745,
8085778,
8085818,
8085820,
8085870,
8076096,
8086089,
8086091,
8086344,
8086367,
8086465,
8086476,
8086507,
8086522,
8086558,
8094796,
8086645,
8086743,
8086756,
8086828,
8087161,
8087278,
8087288,
8087290,
8087299,
8087383,
8087531,
8087570,
8087614,
8087622,
8087686,
8087692,
8087705,
8087721,
8087827,
8087912,
8088039,
8088066,
8088070,
8088102,
8088116,
8088184,
8088189,
8088307,
8088373,
8088444,
8088494,
8088500,
8088510,
8088702,
8088741,
8129017,
8088874,
8089078,
8089081,
8089114,
8089170,
8089188,
8089226,
8089240,
8089245,
8089404,
8089498,
8089521,
8089559,
8089627,
8089649,
8089676,
8089695,
8089697,
8089708,
8089734,
8089808,
8089854,
8089933,
8089993,
8090097,
8095319,
8090133,
8090151,
8090194,
8090220,
8090228,
8090311,
8090418,
8090430,
8090474,
8090549,
8090592,
8090657,
8090661,
8090666,
8090741,
8090769,
8090780,
8090820,
8090850,
8090879,
8107224,
8090914,
8091039,
8091068,
8091098,
8091145,
8091163,
8091219,
8091223,
8091249,
8091397,
8091405,
8091419,
8091432,
8091531,
8091594,
8091604,
8091613,
8091624,
8091688,
8091700,
8091708,
8091724,
8091760,
8091767,
8091793,
8091836,
8091860,
8092852,
8091946,
8092051,
8092113,
8092138,
8092147,
8092151,
8092249,
8090822,
8092380,
8092437,
8092448,
8092466,
8092502,
8092518,
8092531,
8092558,
8092610,
8092643,
8092660,
8092686,
8092709,
8092780,
8092959,
8093000,
8093024,
8093047,
8093059,
8093080,
8093331,
8093372,
8097351,
8093491,
8093517,
8093564,
8093571,
8093620,
8093654,
8093658,
8093769,
8093784,
8093875,
8094000,
8094026,
8151704,
8094056,
8094118,
8094124,
8094160,
8094167,
8094186,
8094200,
8094214,
8094236,
8095586,
8094395,
8094454,
8094496,
8094527,
8094612,
8094871,
8094892,
8094903,
8095580,
8094980,
8095068,
8095092,
8095122,
8095165,
8095184,
8097839,
8095200,
8095211,
8095215,
8095257,
8095275,
8081673,
8095377,
8095447,
8095476,
8095482,
8095494,
8095547,
8095652,
8095730,
8095741,
8067914,
8053544,
8058035,
8053743,
8095809,
8095892,
8095924,
8095987,
8095999,
8096041,
8096084,
8096102,
8096127,
8096130,
8096173,
8096535,
8096234,
8096292,
8096559,
8096561,
8096606,
8096653,
8071269,
8097004,
8097026,
8097117,
8097154,
8097230,
8097344,
8097508,
8097643,
8097733,
8097755,
8097792,
8097818,
8097941,
8098023,
8098049,
8098080,
8098099,
8098112,
8098184,
8098336,
8098347,
8098353,
8098390,
8098400,
8098432,
8098507,
8098689,
8098751,
8098854,
8098883,
8098898,
8098920,
8099019,
8099081,
8099092,
8099103,
8099122,
8099126,
8099131,
8099158,
8099182,
8099234,
8099263,
8098639,
8099451,
8099477,
8099486,
8099501,
8099520,
8099662,
8099761,
8099891,
8099949,
8099966,
8100020,
8100034,
8100051,
8100109,
8100131,
8100153,
8100217,
8100235,
8100282,
8100304,
8100362,
8100366,
8100423,
8100437,
8100439,
8100453,
8100498,
8100539,
8100553,
8100562,
8100609,
8100626,
8100668,
8100692,
8100740,
8100742,
8100765,
8100857,
8100871,
8100882,
8100909,
8100911,
8100951,
8100993,
8100225,
8101214,
8101378,
8101453,
8101469,
8101544,
8101575,
8101580,
8101584,
8101599,
8101644,
8101648,
8101652,
8101691,
8101705,
8101789,
8101813,
8101861,
8101896,
8102010,
8102209,
8089642,
8102453,
8102489,
8102502,
8102519,
8102575,
8102663,
8102713,
8102716,
8104110,
8104091,
8103807,
8104363,
8104978,
8104456,
8104468,
8104629,
8104647,
8104682,
8104861,
8104890,
8104899,
8104903,
8104940,
8105078,
8105083,
8105096,
8105295,
8105329,
8105338,
8105388,
8105419,
8105433,
8105513,
8105515,
8105520,
8105522,
8105552,
8105617,
8105626,
8106211,
8105653,
8105742,
8105775,
8105804,
8105854,
8105896,
8105919,
8105972,
8105982,
8106016,
8106060,
8106063,
8106075,
8106077,
8106135,
8106290,
8106437,
8106494,
8104501,
8106527,
8106536,
8106557,
8106680,
8106739,
8106744,
8106746,
8106760,
8106878,
8106965,
8107000,
8107082,
8107094,
8107100,
8107178,
8107182,
8107203,
8107214,
8107227,
8107235,
8107270,
8107283,
8107303,
8107315,
8107407,
8107411,
8107413,
8107489,
8107507,
8107515,
8107529,
8107582,
8107648,
8107665,
8107755,
8107829,
8107869,
8107907,
8107909,
8107931,
8107938,
8107973,
8107996,
8108031,
8108041,
8108086,
8108206,
8108350,
8108405,
8108446,
8108532,
8108535,
8108566,
8108600,
8108625,
8108634,
8108643,
8108663,
8108752,
8108760,
8108863,
8108891,
8108900,
8108988,
8108992,
8109026,
8109066,
8109113,
8109132,
8109327,
8109355,
8109359,
8109512,
8109538,
8109550,
8109552,
8109566,
8109652,
8109710,
8109740,
8109754,
8109762,
8109773,
8109825,
8109840,
8109865,
8109867,
8110026,
8110028,
8110033,
8110192,
8110200,
8110204,
8110220,
8110226,
8110237,
8110261,
8110272,
8110317,
8110320,
8110383,
8110411,
8110456,
8110483,
8110488,
8110557,
8110579,
8110588,
8110590,
8110626,
8110631,
8110668,
8110704,
8110720,
8110735,
8110749,
8110773,
8110824,
8110833,
8110836,
8110839,
8110850,
8110878,
8110912,
8110927,
8110930,
8110946,
8110970,
8110976,
8110991,
8110993,
8111005,
8111035,
8111105,
8111122,
8111185,
8111200,
8111851,
8111323,
8111391,
8111415,
8111422,
8111539,
8111565,
8111598,
8111615,
8111639,
8111669,
8111678,
8111790,
8111799,
8111830,
8111832,
8111882,
8111888,
8111900,
8111908,
8111918,
8111936,
8111950,
8111971,
8111990,
8112048,
8112050,
8112058,
8112116,
8112252,
8112360,
8112374,
8112417,
8112435,
8112442,
8112475,
8112493,
8112536,
8112538,
8112544,
8112555,
8112566,
8112588,
8112593,
8112598,
8112723,
8112771,
8112777,
8112780,
8112785,
8112832,
8112845,
8112925,
8112965,
8112994,
8113025,
8113034,
8113063,
8113065,
8113084,
8113101,
8113117,
8113144,
8113167,
8113190,
8113193,
8113207,
8113240,
8113274,
8113277,
8113279,
8113284,
8113286,
8113291,
8113294,
8113393,
8113398,
8113412,
8113418,
8113425,
8113436,
8113447,
8113452,
8113475,
8113481,
8113494,
8113511,
8113555,
8113623,
8113664,
8113787,
8113819,
8113833,
8113841,
8113948,
8113991,
8114041,
8114169,
8114210,
8114370,
8114378,
8114417,
8114437,
8114450,
8114474,
8114505,
8114528,
8114533,
8114565,
8114572,
8114655,
8114659,
8114711,
8114750,
8114766,
8114788,
8114803,
8114815,
8114880,
8114892,
8114936,
8114953,
8114971,
8114995,
8115003,
8115011,
8115014,
8115066,
8115075,
8115083,
8115089,
8115137,
8115150,
8115223,
8115245,
8115266,
8115276,
8115318,
8115332,
8115339,
8115362,
8115526,
8115543,
8115554,
8115577,
8115635,
8115658,
8115684,
8115709,
8115714,
8115765,
8115806,
8115812,
8115814,
8115828,
8115840,
8115883,
8115892,
8124289,
8115979,
8116023,
8116041,
8116053,
8116060,
8116065,
8116073,
8116118,
8116140,
8116169,
8116183,
8116198,
8116224,
8116256,
8116258,
8116270,
8116284,
8116295,
8116323,
8116349,
8116393,
8116499,
8116530,
8116576,
8116578,
8116679,
8116691,
8116705,
8116741,
8116834,
8116921,
8116948,
8116971,
8116993,
8117055,
8117117,
8117122,
8117152,
8117166,
8117205,
8117266,
8117301,
8117323,
8117344,
8117355,
8117371,
8117389,
8117393,
8117443,
8117462,
8117534,
8117556,
8117635,
8117681,
8117768,
8117782,
8117794,
8117849,
8117880,
8118018,
8118032,
8118063,
8118120,
8118122,
8118147,
8118157,
8118161,
8118176,
8118213,
8118244,
8118254,
8118266,
8118278,
8118288,
8118295,
8118342,
8118447,
8118452,
8118485,
8118600,
8118634,
8118647,
8118675,
8118679,
8118780,
8118816,
8118823,
8118917,
8118930,
8118946,
8118949,
8119016,
8119073,
8119078,
8119089,
8119123,
8119272,
8119316,
8119346,
8119377,
8119385,
8119422,
8119454,
8119530,
8119551,
8119629,
8119634,
8119643,
8119659,
8119717,
8119724,
8119778,
8119789,
8119811,
8119864,
8119898,
8119912,
8119973,
8119989,
8120115,
8120165,
8120201,
8120210,
8120217,
8120231,
8120238,
8120265,
8120295,
8120316,
8120371,
8120405,
8120503,
8120859,
8120964,
8120972,
8121012,
8121070,
8121099,
8121151,
8121189,
8121193,
8121252,
8121255,
8121366,
8121380,
8121442,
8121448,
8121460,
8121470,
8121521,
8121523,
8121633,
8121669,
8121674,
8121740,
8121744,
8121820,
8121857,
8121868,
8121878,
8121947,
8121967,
8121975,
8121999,
8122014,
8122100,
8122102,
8122116,
8122274,
8122276,
8122284,
8122307,
8122347,
8122586,
8122597,
8122652,
8122680,
8122738,
8122753,
8122760,
8122762,
8122766,
8122772,
8122790,
8122794,
8122808,
8122917,
8122927,
8122936,
8122959,
8123069,
8123272,
8123280,
8123288,
8123308,
8123340,
8123342,
8123353,
8123452,
8123470,
8123542,
8123617,
8123624,
8123696,
8123732,
8123812,
8123830,
8123895,
8123926,
8124148,
8124152,
8124249,
8124264,
8124336,
8124386,
8124408,
8125108,
8124578,
8124630,
8124644,
8124659,
8124671,
8124692,
8124734,
8124740,
8124769,
8124809,
8124812,
8124843,
8124884,
8124942,
8124944,
8125001,
8125003,
8125008,
8125078,
8125083,
8125087,
8125140,
8125397,
8125405,
8125444,
8125446,
8125454,
8125501,
8125503,
8125505,
8125509,
8125543,
8132712,
8125590,
8125598,
8125600,
8125614,
8125645,
8125647,
8125694,
8125698,
8125704,
8125744,
8125806,
8125861,
8125876,
8125923,
8084827,
8125985,
8126056,
8126078,
8126082,
8126085,
8126137,
8126182,
8126197,
8126207,
8126222,
8126270,
8126282,
8126299,
8126314,
8126316,
8126397,
8126416,
8126426,
8126435,
8126454,
8126493,
8126518,
8126569,
8126611,
8126633,
8126643,
8126654,
8126758,
8126877,
8126891,
8127005,
8127007,
8127026,
8127042,
8127045,
8127093,
8127099,
8127119,
8127125,
8127189,
8127208,
8127222,
8127232,
8127340,
8127369,
8127371,
8127380,
8127396,
8127405,
8127411,
8127420,
8127430,
8127443,
8127465,
8127475,
8127504,
8127590,
8127657,
8127750,
8127755,
8127789,
8127927,
8127943,
8127953,
8127996,
8128004,
8128006,
8128009,
8128014,
8128088,
8076096,
8128188,
8128211,
8128222,
8128387,
8128414,
8128445,
8128471,
8128481,
8094812,
8128626,
8128724,
8128799,
8128802,
8135006,
8128870,
8128883,
8128898,
8128923,
8128927,
8128937,
8129088,
8129105,
8129121,
8129450,
8129480,
8129497,
8129538,
8129553,
8129563,
8129570,
8129690,
8129807,
8129846,
8129946,
8129970,
8130040,
8130112,
8130127,
8130138,
8130162,
8130182,
8130239,
8130293,
8130307,
8130490,
8130897,
8130993,
8131165,
8131287,
8131292,
8131382,
8131491,
8131509,
8131518,
8131633,
8131643,
8131694,
8131870,
8131935,
8131986,
8132013,
8132126,
8132210,
8132220,
8132235,
8132325,
8132379,
8132385,
8132393,
8132453,
8132466,
8132476,
8132514,
8132523,
8132567,
8132708,
8132730,
8132747,
8136078,
8129352,
8129390,
8129654,
8129849,
8129909,
8129911,
8129940,
8129973,
8130565,
8130643,
8130678,
8130845,
8130954,
8131168,
8131388,
8131436,
8131578,
8131610,
8131692,
8132176,
8132343,
8132412,
8132486,
8132763,
8132775,
8132806,
8132847,
8132862,
8132989,
8133004,
8133052,
8133066,
8133069,
8133085,
8133102,
8133135,
8133147,
8133171,
8133187,
8133297,
8133332,
8133371,
8133374,
8133457,
8133492,
8133502,
8133517,
8133523,
8133550,
8133556,
8133567,
8133590,
8133850,
8133857,
8133878,
8128481,
8134042,
8134115,
8134131,
8134138,
8134149,
8134208,
8134274,
8134405,
8134483,
8134560,
8134562,
8134616,
8134655,
8134665,
8134721,
8134728,
8134758,
8134794,
8134803,
8134861,
8134866,
8134920,
8134951,
8134967,
8134992,
8135006,
8135055,
8135067,
8135130,
8135161,
8135180,
8135200,
8135211,
8135253,
8135279,
8135304,
8135342,
8135390,
8135413,
8135452,
8135512,
8135540,
8135564,
8135617,
8135644,
8135684,
8135767,
8135819,
8135846,
8135883,
8135933,
8136012,
8136047,
8136172,
8136181,
8136202,
8136236,
8136248,
8136346,
8136350,
8136377,
8136393,
8136419,
8136428,
8136541,
8136604,
8136670,
8136692,
8136700,
8136826,
8136833,
8136859,
8136868,
8136895,
8137002,
8137018,
8137127,
8137167,
8137178,
8137590,
8137621,
8137634,
8137646,
8137662,
8137704,
8137724,
8137726,
8137734,
8137770,
8137779,
8137795,
8137807,
8137810,
8137815,
8137829,
8137983,
8138004,
8138151,
8138192,
8138269,
8138290,
8138297,
8138314,
8138359,
8138434,
8138436,
8138559,
8138560,
8138606,
8138762,
8138795,
8138872,
8138927,
8138949,
8138968,
8139028,
8139043,
8139052,
8139091,
8139145,
8139149,
8139175,
8139203,
8139283,
8139309,
8139484,
8139486,
8139537,
8139559,
8139591,
8139612,
8139617,
8139637,
8139653,
8139665,
8139683,
8139721,
8139800,
8139809,
8139822,
8139849,
8139858,
8139865,
8139876,
8139881,
8139891,
8139936,
8140013,
8140030,
8140047,
8140110,
8140194,
8140203,
8140227,
8140327,
8140331,
8140435,
8140461,
8140523,
8140530,
8140561,
8140635,
8140709,
8140757,
8140816,
8140867,
8140901,
8140956,
8141019,
8141104,
8141169,
8141177,
8141289,
8141302,
8141315,
8141398,
8141471,
8141475,
8141488,
8141496,
8141557,
8141561,
8141610,
8141615,
8141620,
8141635,
8141652,
8141668,
8141719,
8141734,
8141738,
8141755,
8141757,
8141764,
8141786,
8141789,
8141795,
8141812,
8141819,
8141832,
8141868,
8141886,
8141903,
8141917,
8141929,
8141940,
8141943,
8142023,
8142059,
8142065,
8142070,
8144365,
8142082,
8142085,
8142107,
8142117,
8142134,
8142137,
8142145,
8142156,
8142159,
8142180,
8142321,
8142333,
8142471,
8142604,
8142622,
8142639,
8142690,
8160819,
8142727,
8142741,
8142789,
8142809,
8142812,
8142816,
8142819,
8142912,
8142942,
8143004,
8143012,
8143021,
8143028,
8143043,
8143080,
8143174,
8143191,
8143194,
8143216,
8154217,
8143254,
8143267,
8143383,
8143388,
8143390,
8143393,
8143411,
8143414,
8143428,
8143502,
8143533,
8143538,
8143547,
8143577,
8143612,
8143644,
8143679,
8143717,
8143719,
8143744,
8143767,
8143810,
8143822,
8143840,
8143863,
8143875,
8143891,
8143897,
8143901,
8143926,
8143976,
8144144,
8144221,
8144237,
8144245,
8144253,
8144258,
8144344,
8144349,
8144409,
8144415,
8144427,
8144473,
8144629,
8144551,
8144688,
8144698,
8144736,
8144816,
8144908,
8076096,
8145001,
8145007,
8145022,
8145024,
8145028,
8145084,
8145093,
8145095,
8145105,
8145168,
8145388,
8145494,
8145519,
8145590,
8145609,
8145761,
8145848,
8145940,
8145943,
8145950,
8145978,
8145989,
8145993,
8146019,
8146036,
8146093,
8146120,
8146196,
8146251,
8146346,
8146358,
8146362,
8095791,
8146367,
8146408,
8146430,
8146436,
8146447,
8146457,
8146469,
8146472,
8146486,
8146489,
8146501,
8146505,
8146514,
8146544,
8146610,
8146641,
8146644,
8146662,
8146665,
8146711,
8146809,
8146812,
8146827,
8146832,
8146894,
8146899,
8146907,
8146925,
8146927,
8146936,
8146942,
8147015,
8147039,
8147207,
8147292,
8147296,
8147300,
8147337,
8147359,
8147380,
8147389,
8147430,
8147432,
8147436,
8147527,
8147569,
8147624,
8147630,
8147660,
8147690,
8147788,
8147893,
8147942,
8147981,
8147988,
8147997,
8148010,
8148053,
8148057,
8148065,
8148087,
8148114,
8148185,
8148286,
8148295,
8148309,
8148328,
8148332,
8148339,
8148396,
8148406,
8148592,
8148599,
8148605,
8148634,
8148645,
8148807,
8148914,
8148987,
8148996,
8149121,
8149249,
8149260,
8149373,
8149376,
8149389,
8149480,
8149523,
8149545,
8149571,
8149631,
8149720,
8149759,
8149779,
8149872,
8149893,
8149898,
8149906,
8149931,
8149973,
8149999,
8150104,
8150110,
8150210,
8150245,
8150384,
8150411,
8150480,
8150518,
8150542,
8150564,
8150573,
8150581,
8150599,
8150603,
8150649,
8150659,
8150680,
8150718,
8150748,
8150773,
8150776,
8150778,
8150841,
8150932,
8150938,
8150961,
8150987,
8151007,
8151009,
8151052,
8151054,
8151059,
8151064,
8151198,
8151214,
8151233,
8151240,
8151306,
8151311,
8151321,
8151335,
8151360,
8151406,
8151472,
8151541,
8151556,
8151581,
8151603,
8151656,
8151665,
8151697,
8151702,
8151710,
8151743,
8151804,
8151809,
8151831,
8151964,
8151979,
8151983,
8152003,
8152064,
8152171,
8152202,
8152257,
8152353,
8152420,
8152493,
8152502,
8152704,
8152819,
8152821,
8152863,
8152916,
8152966,
8152985,
8152998,
8153016,
8153048,
8153057,
8153071,
8153077,
8153096,
8153106,
8153165,
8153178,
8153212,
8153215,
8153266,
8153360,
8153407,
8153422,
8153436,
8153458,
8153464,
8153471,
8153582,
8153648,
8153660,
8153667,
8153673,
8153695,
8153762,
8153765,
8153802,
8153820,
8153839,
8153859,
8153911,
8153919,
8153922,
8153998,
8154018,
8154022,
8154042,
8154057,
8154176,
8154213,
8154217,
8154245,
8154248,
8154278,
8154310,
8154344,
8154348,
8154373,
8154376,
8154409,
8154419,
8154498,
8154549,
8154552,
8154682,
8154739,
8154864,
8154866,
8154885,
8154965,
8154967,
8155000,
8155007,
8155016,
8155042,
8155099,
8155105,
8155133,
8155137,
8155283,
8155345,
8155350,
8155353,
8155424,
8155442,
8155453,
8155461,
8155467,
8155469,
8155475,
8155662,
8155669,
8155748,
8155784,
8155832,
8155839,
8155842,
8155873,
8155880,
8155915,
8155934,
8155977,
8156010,
8156019,
8156072,
8156120,
8156180,
8156204,
8156225,
8156230,
8156239,
8156257,
8156273,
8156280,
8156336,
8156346,
8156356,
8156374,
8149893,
8156485,
8156522,
8156526,
8156533,
8156538,
8156543,
8156546,
8156569,
8156612,
8156641,
8156657,
8156691,
8156708,
8156779,
8156807,
8156876,
8156922,
8156954,
8156981,
8156985,
8157008,
8157048,
8157051,
8157119,
8157221,
8157267,
8157281,
8157295,
8157340,
8157346,
8157372,
8157426,
8157437,
8157483,
8157517,
8157528,
8157530,
8157534,
8157543,
8157547,
8157551,
8157574,
8157582,
8157603,
8157642,
8157719,
8157728,
8157768,
8157794,
8157816,
8157819,
8157825,
8157856,
8157882,
8157886,
8157908,
8157950,
8157958,
8157969,
8158016,
8158093,
8158095,
8158098,
8158131,
8158141,
8158177,
8158190,
8158285,
8158301,
8158322,
8158342,
8158351,
8158402,
8158409,
8158433,
8158459,
8158507,
8158532,
8158558,
8158560,
8158571,
8158577,
8158630,
8158673,
8158706,
8158730,
8158784,
8158786,
8158821,
8158894,
8158934,
8158952,
8158955,
8158971,
8158980,
8159008,
8159034,
8159065,
8159095,
8159128,
8159138,
8159206,
8159216,
8159240,
8159253,
8159270,
8159294,
8159406,
8159483,
8159498,
8159517,
8159520,
8159533,
8159546,
8159572,
8159601,
8159639,
8159674,
8159684,
8159753,
8159774,
8159975,
8159984,
8160006,
8160018,
8160020,
8160035,
8160054,
8160124,
8160138,
8160151,
8160219,
8160252,
8160254,
8160279,
8160301,
8160388,
8160402,
8160414,
8160459,
8160497,
8160513,
8160527,
8160532,
8160590,
8160596,
8160602,
8160632,
8160662,
8160688,
8160725,
8160737,
8160785,
8160814,
8160850,
8160854,
8160919,
8160959,
8161031,
8161040,
8161046,
8161061,
8161096,
8161124,
8161127,
8161134,
8161226,
8161254,
8161278,
8161320,
8161327,
8161331,
8161348,
8161372,
8161379,
8161399,
8161407,
8161450,
8161511,
8161660,
8161699,
8161730,
8161761,
8161801,
8161863,
8161865,
8161879,
8162010,
8162048,
8162071,
8162077,
8162126,
8162172,
8162175,
8162204,
8162253,
8162259,
8162272,
8162338,
8162349,
8162353,
8162361,
8162381,
8162384,
8162442,
8162457,
8162465,
8162525,
8162545,
8162558,
8162570,
8162572,
8162634,
8162651,
8097508,
8162682,
8162688,
8162713,
8162753,
8162811,
8162824,
8162869,
8162895,
8162901,
8162927,
8162946,
8162948,
8162962,
8162973,
8163073,
8163098,
8163100,
8163111,
8163176,
8163187,
8163193,
8163267,
8163274,
8163299,
8163367,
8163379,
8163386,
8163401,
8163405,
8163473,
8163499,
8163524,
8163562,
8163606,
8163608,
8163669,
8163671,
8163698,
8163792,
8163831,
8163846,
8163850,
8163866,
8163871,
8163877,
8163882,
8163890,
8163898,
8163911,
8163915,
8163969,
8163972,
8163975,
8163977,
8164026,
8164031,
8164057,
8164130,
8164141,
8164188,
8164256,
8164321,
8164327,
8164349,
8164386,
8164405,
8164419,
8164431,
8164466,
8164478,
8164484,
8164497,
8164518,
8164539,
8164549,
8164575,
8164577,
8164594,
8164629,
8164678,
8164930,
8164936,
8164966,
8164972,
8164976,
8164984,
8165010,
8165018,
8165020,
8165031,
8165037,
8165053,
8165063,
8165101,
8165123,
8165153,
8165158,
8165173,
8165175,
8165338,
8165351,
8165371,
8165376,
8165470,
8165474,
8165477,
8165479,
8165484,
8165500,
8165507,
8165527,
8165550,
8165602,
8165608,
8165620,
8165638,
8165648,
8165676,
8165718,
8165721,
8165867,
8076096,
8165999,
8166008,
8166017,
8166096,
8166118,
8166151,
8166160,
8166198,
8166207,
8166216,
8166248,
8166258,
8166261,
8166360,
8166378,
8166380,
8166407,
8166422,
8166426,
8166458,
8166480,
8166515,
8166527,
8166538,
8166548,
8166550,
8166668,
8166714,
8166718,
8166720,
8166728,
8166733,
8166744,
8166771,
8166780,
8166792,
8166864,
8166866,
8166892,
8166922,
8166954,
8166959,
8166984,
8166995,
8167035,
8167044,
8167058,
8167075,
8167188,
8167211,
8167268,
8167294,
8167333,
8167337,
8167412,
8167479,
8167502,
8125456,
8167546,
8167593,
8167609,
8167613,
8167620,
8167661,
8167668,
8167674,
8167692,
8167698,
8167701,
8167705,
8167719,
8167771,
8167804,
8167870,
8167882,
8167911,
8168028,
8168031,
8168035,
8168121,
8168149,
8168183,
8168219,
8168227,
8168232,
8168235,
8168261,
8168277,
8168281,
8168306,
8168316,
8168329,
8168394,
8168423,
8168428,
8168519,
8168527,
8168548,
8168551,
8168565,
8168572,
8168576,
8168582,
8168594,
8169142,
8168605,
8168732,
8168774,
8168798,
8168882,
8168963,
8168996,
8169003,
8169059,
8169082,
8169086,
8169205,
8169209,
8169229,
8169248,
8169250,
8169252,
8169284,
8169306,
8169326,
8169376,
8169401,
8169435,
8169453,
8169540,
8169595,
8169638,
8169645,
8126758,
8169657,
8169665,
8169671,
8169744,
8169750,
8169759,
8169766,
8169777,
8169810,
8169815,
8169820,
8169831,
8169849,
8169876,
8169882,
8169890,
8169906,
8169910,
8169918,
8169929,
8169954,
8169961,
8170008,
8170100,
8170125,
8170129,
8170133,
8170179,
8170181,
8170245,
8170271,
8170316,
8170341,
8170368,
8170388,
8170410,
8170477,
8196426,
8170568,
8170609,
8170652,
8170672,
8170688,
8170719,
8170756,
8170760,
8170852,
8170872,
8170885,
8170909,
8170928,
8170932,
8170936,
8170983,
8171033,
8171041,
8171085,
8171100,
8171105,
8171109,
8171138,
8171167,
8171229,
8171311,
8171318,
8171378,
8171445,
8171517,
8171523,
8171529,
8171573,
8171588,
8171592,
8171657,
8171668,
8171674,
8171702,
8171713,
8171750,
8171787,
8171847,
8171885,
8171929,
8171941,
8171959,
8172022,
8172058,
8172131,
8172180,
8172183,
8172193,
8172229,
8172250,
8172274,
8172330,
8172346,
8172348,
8172395,
8172444,
8172508,
8172591,
8172596,
8172603,
8172620,
8172674,
8172695,
8175641,
8172828,
8172857,
8172864,
8172868,
8172870,
8172887,
8172895,
8172902,
8172904,
8172944,
8172993,
8172996,
8173020,
8173043,
8173067,
8173085,
8173199,
8173215,
8173223,
8173276,
8173359,
8173378,
8173423,
8173428,
8173529,
8173540,
8173642,
8173644,
8173648,
8173660,
8173706,
8173718,
8173798,
8173804,
8173809,
8173817,
8173822,
8173869,
8174018,
8174066,
8174132,
8174158,
8174190,
8174193,
8174217,
8174248,
8174339,
8174341,
8174353,
8174358,
8174373,
8174408,
8174447,
8174460,
8174471,
8174488,
8174509,
8174529,
8174599,
8174668,
8174735,
8174760,
8174800,
8174808,
8174811,
8174821,
8174823,
8174827,
8174829,
8174835,
8174878,
8174906,
8174910,
8174919,
8174975,
8175148,
8175152,
8175156,
8175159,
8175162,
8175241,
8175260,
8175279,
8175287,
8175289,
8175293,
8175298,
8175318,
8175369,
8175470,
8175506,
8175515,
8175550,
8175587,
8175641,
8175693,
8175695,
8175722,
8175727,
8175770,
8175774,
8175778,
8175804,
8175850,
8175854,
8175906,
8175934,
8176002,
8176027,
8176041,
8176142,
8176333,
8176343,
8176401,
8176415,
8176428,
8176459,
8176524,
8176531,
8176558,
8176671,
8176674,
8176722,
8176751,
8176755,
8176769,
8176781,
8176849,
8176851,
8176862,
8176878,
8176882,
8176887,
8176897,
8176903,
8176921,
8176950,
8176962,
8177019,
8177027,
8177114,
8177167,
8177182,
8177259,
8177279,
8177286,
8177306,
8177325,
8177344,
8177352,
8177362,
8177393,
8177414,
8177423,
8177441,
8177475,
8177480,
8177495,
8177531,
8177621,
8177628,
8177632,
8177695,
8177734,
8177738,
8177740,
8177793,
8177799,
8177818,
8177853,
8177862,
8177866,
8177871,
8177904,
8177973,
8177996,
8178004,
8178051,
8178062,
8178081,
8178088,
8178103,
8178148,
8178314,
8178316,
8178338,
8178347,
8178442,
8178452,
8178473,
8178476,
8178484,
8178503,
8178509,
8178520,
8178571,
8178575,
8178634,
8178636,
8178638,
8178660,
8178667,
8178696,
8178704,
8178767,
8178840,
8178847,
8178915,
8178921,
8178937,
8178948,
8178953,
8178973,
8179046,
8179048,
8179074,
8179112,
8179264,
8179267,
8179343,
8179412,
8179417,
8179443,
8179507,
8179561,
8179568,
8179572,
8179602,
8179649,
8179673,
8179684,
8179719,
8179728,
8179742,
8179765,
8179773,
8179788,
8179832,
8179880,
8179905,
8179961,
8179984,
8179987,
8180007,
8180062,
8180066,
8183138,
8180192,
8180194,
8180197,
8180225,
8180251,
8180281,
8180317,
8180320,
8180328,
8180331,
8180362,
8180381,
8180387,
8180405,
8180411,
8180441,
8180468,
8180510,
8180527,
8180530,
8180537,
8180539,
8180557,
8180604,
8180635,
8180683,
8180758,
8180770,
8180778,
8180815,
8180921,
8180931,
8180950,
8180964,
8180981,
8180985,
8181006,
8181025,
8181097,
8181126,
8181176,
8181180,
8181223,
8181241,
8181289,
8181301,
8181332,
8181342,
8181394,
8181409,
8181435,
8181464,
8181472,
8181477,
8181484,
8181504,
8181507,
8181547,
8181550,
8181608,
8181665,
8181694,
8181698,
8181709,
8181747,
8181777,
8181806,
8181825,
8181839,
8181881,
8181889,
8181892,
8181894,
8181907,
8181974,
8182011,
8182022,
8182028,
8182111,
8182139,
8182181,
8182190,
8182327,
8182535,
8182542,
8182552,
8182560,
8182600,
8182644,
8182647,
8182676,
8182678,
8182760,
8182774,
8182778,
8182797,
8182812,
8182829,
8182856,
8182911,
8182938,
8182965,
8183054,
8183072,
8183080,
8183093,
8183100,
8183121,
8183158,
8183160,
8183169,
8183192,
8183283,
8183299,
8183366,
8183411,
8183415,
8183480,
8183486,
8183493,
8183535,
8183541,
8183586,
8183596,
8183608,
8183641,
8183645,
8183705,
8183792,
8183795,
8183799,
8183825,
8183840,
8183932,
8183980,
8183998,
8184038,
8184178,
8184182,
8184233,
8184247,
8184340,
8184353,
8184402,
8184411,
8184414,
8184433,
8184453,
8184456,
8184468,
8184472,
8184476,
8184499,
8184504,
8184513,
8184526,
8184590,
8184609,
8184619,
8184645,
8184726,
8184730,
8184743,
8184747,
8184785,
8184929,
8184933,
8184971,
8184977,
8185044,
8185060,
8185100,
8185168,
8185178,
8185185,
8185204,
8185384,
8185406,
8185408,
8185418,
8185422,
8185435,
8185437,
8185453,
8185467,
8185533,
8185545,
8185560,
8185564,
8185606,
8185631,
8185658,
8185660,
8185665,
8185667,
8185708,
8185710,
8185781,
8185797,
8185824,
8185840,
8185928,
8185934,
8185943,
8185958,
8186044,
8186061,
8186066,
8186080,
8186228,
8186236,
8186270,
8186272,
8186274,
8186285,
8186310,
8186352,
8186479,
8186483,
8186491,
8186497,
8186501,
8186508,
8186520,
8186551,
8186557,
8186589,
8186591,
8186628,
8186645,
8186683,
8186690,
8186695,
8186711,
8186724,
8186741,
8186831,
8186929,
8186942,
8186959,
8187019,
8187031,
8187039,
8187079,
8187128,
8187136,
8187155,
8193307,
8187164,
8187176,
8187209,
8187214,
8187291,
8187297,
8187325,
8187335,
8187355,
8187378,
8187396,
8187411,
8187440,
8187447,
8187450,
8187471,
8187525,
8187549,
8187588,
8187609,
8187613,
8187630,
8187633,
8187667,
8187707,
8187716,
8187734,
8187749,
8187761,
8187765,
8187779,
8187802,
8187817,
8187977,
8188004,
8188006,
8188080,
8188092,
8188095,
8188100,
8188249,
8188253,
8188266,
8188277,
8188279,
8188346,
8188353,
8188355,
8188367,
8188422,
8188534,
8188579,
8188591,
8188665,
8188667,
8188671,
8188674,
8188693,
8188697,
8188704,
8188711,
8188720,
8188746,
8188756,
8188758,
8188794,
8188797,
8188850,
8188865,
8188952,
8188961,
8188982,
8188985,
8188987,
8188991,
8189054,
8189056,
8189072,
8189146,
8189152,
8189255,
8189262,
8189274,
8189294,
8189316,
8189355,
8189357,
8189397,
8189423,
8189448,
8189541,
8189574,
8189577,
8189660,
8189666,
8189672,
8189676,
8189689,
8189724,
8189726,
8189743,
8189755,
8189767,
8189775,
8189777,
8189870,
8189907,
8189914,
8189994,
8189998,
8190164,
8190191,
8190218,
8190224,
8190229,
8190251,
8190269,
8190288,
8190379,
8190385,
8190401,
8190415,
8190452,
8190505,
8190514,
8190561,
8190696,
8190746,
8190781,
8190784,
8190807,
8190815,
8190825,
8190867,
8190901,
8190951,
8190962,
8190993,
8190997,
8190999,
8191010,
8191020,
8191071,
8191080,
8191083,
8191086,
8191091,
8191132,
8191136,
8118157,
8191183,
8191185,
8191239,
8191247,
8191249,
8191255,
8137573,
8191311,
8191317,
8191320,
8191337,
8191339,
8191343,
8191350,
8191359,
8191370,
8191580,
8191582,
8191590,
8191593,
8191596,
8191619,
8191624,
8191630,
8191636,
8191660,
8191669,
8191671,
8191678,
8191682,
8191711,
8191734,
8191796,
8191813,
8191879,
8191892,
8191927,
8191929,
8191951,
8191972,
8192007,
8192087,
8192092,
8192134,
8192143,
8192151,
8192176,
8192204,
8192212,
8192292,
8192307,
8192329,
8192372,
8192434,
8192440,
8192479,
8192506,
8192599,
8192617,
8192636,
8192653,
8192673,
8192689,
8192697,
8192699,
8192715,
8192744,
8192839,
8192859,
8192865,
8192891,
8192929,
8192953,
8192956,
8193032,
8193060,
8193068,
8193075,
8141832,
8193116,
8193165,
8193195,
8193200,
8193203,
8141832,
8193241,
8193258,
8193262,
8193266,
8193270,
8193274,
8193278,
8193282,
8193286,
8193324,
8193326,
8193336,
8193364,
8193462,
8193470,
8193475,
8193479,
8193483,
8193485,
8193492,
8193497,
8193501,
8193505,
8193509,
8193809,
8193815,
8193826,
8193841,
8193844,
8193847,
8193850,
8076096,
8193876,
8193885,
8193895,
8193968,
8193971,
8193973,
8193975,
8193979,
8194031,
8194047,
8194108,
8194121,
8194127,
8194144,
8194146,
8194220,
8194259,
8194315,
8194328,
8194333,
8194343,
8194390,
8194396,
8194425,
8194430,
8194463,
8194471,
8194485,
8194487,
8194501,
8194504,
8194523,
8194528,
8194568,
8194570,
8194575,
8194644,
8194646,
8194651,
8194681,
8194692,
8194697,
8194737,
8194767,
8194805,
8194814,
8194823,
8194834,
8194866,
8194872,
8194885,
8194890,
8194960,
8195012,
8195014,
8195019,
8195021,
8195026,
8195038,
8195091,
8195205,
8195209,
8195212,
8195216,
8195247,
8195251,
8195257,
8195294,
8195350,
8195355,
8195357,
8195464,
8195486,
8195516,
8195529,
8195546,
8195565,
8195613,
8195647,
8195661,
8195663,
8195675,
8195681,
8195741,
8195791,
8195810,
8195835,
8195844,
8195856,
8195862,
8195879,
8195893,
8195901,
8195907,
8195918,
8195980,
8196035,
8196039,
8196053,
8196057,
8196073,
8196114,
8196116,
8196122,
8196127,
8196142,
8196144,
8196152,
8196157,
8196160,
8196175,
8196178,
8196185,
8196220,
8196231,
8196253,
8196256,
8196260,
8196270,
8196302,
8196309,
8196315,
8196320,
8196350,
8196352,
8196392,
8196416,
8196420,
8196426,
8196433,
8196518,
8196526,
8196539,
8196549,
8196555,
8196564,
8196625,
8196631,
8196755,
8196770,
8196819,
8196825,
8196854,
8196884,
8196943,
8197110,
8197142,
8197150,
8197155,
8197161,
8197244,
8197276,
8197283,
8197289,
8197309,
8197340,
8197358,
8197380,
8197390,
8197398,
8197401,
8197439,
8197443,
8197447,
8197473,
8197477,
8197488,
8197492,
8197499,
8197501,
8197514,
8197620,
8197623,
8197672,
8197674,
8197692,
8197703,
8197710,
8197725,
8197754,
8197795,
8197799,
8197864,
8197887,
8197895,
8197907,
8197913,
8197943,
8197963,
8197970,
8198046,
8198056,
8198059,
8198061,
8198073,
8198076,
8198096,
8198102,
8198126,
8198134,
8198137,
8198180,
8198184,
8198208,
8198218,
8198225,
8198235,
8198256,
8198266,
8198268,
8198301,
8198305,
8198308,
8198319,
8198322,
8198336,
8198344,
8198374,
8198419,
8198421,
8198423,
8198437,
8198441,
8198483,
8198511,
8198522,
8198526,
8198562,
8198585,
8198587,
8198602,
8198604,
8198610,
8198629,
8198701,
8198704,
8198795,
8198817,
8198863,
8198883,
8198891,
8198906,
8198922,
8198962,
8198999,
8199002,
8199008,
8199048,
8199084,
8199104,
8199145,
8199163,
8199167,
8199172,
8199210,
8199216,
8199220,
8199230,
8199265,
8199275,
8199280,
8199315,
8199357,
8199377,
8199380,
8199382,
8199396,
8199408,
8199461,
8199475,
8199480,
8199507,
8199516,
8199530,
8199552,
8199574,
8199577,
8199579,
8199611,
8199615,
8199619,
8199642,
8199644,
8199650,
8199657,
8199734,
8199750,
8199759,
8199805,
8199832,
8199871,
8199879,
8199919,
8199923,
8199928,
8199938,
8199976,
8199990,
8199997,
8200043,
8200045,
8200047,
8200049,
8200051,
8200053,
8200178,
8200183,
8200188,
8200191,
8200200,
8200204,
8200206,
8200228,
8200232,
8200239,
8200244,
8200260,
8200281,
8200284,
8200286,
8200295,
8200383,
8200389,
8200447,
8200454,
8200461,
8200472,
8200479,
8200483,
8200528,
8200533,
8200596,
8200604,
8200630,
8200642,
8200649,
8200663,
8200666,
8200674,
8200686,
8200712,
8200732,
8200788,
8200808,
8200813,
8200909,
8200946,
8200972,
8200997,
8201001,
8201025,
8201033,
8201039,
8201064,
8201080,
8201083,
8201088,
8201094,
8201113,
8201115,
8201134,
8201137,
8201186,
8201193,
8201202,
8201205,
8201282,
8201284,
8201302,
8201329,
8201357,
8201365,
8201376,
8201381,
8201383,
8201410,
8201412,
8201416,
8201419,
8201424,
8201427,
8201430,
8201473,
8201480,
8201495,
8201500,
8201503,
8201508,
8201515,
8201520,
8201526,
8201532,
8201534,
8201546,
8201549,
8201557,
8201577,
8201583,
8201594,
8201598,
8201603,
8201606,
8201618,
8201626,
8201634,
8201670,
8201675,
8201684,
8201693,
8201700,
8201773,
8201788,
8201794,
8201842,
8201864,
8201867,
8201878,
8201885,
8201897,
8201905,
8201931,
8201941,
8201947,
8201956,
8201960,
8201969,
8201973,
8201994,
8202000,
8202040,
8202053,
8202119,
8202147,
8202149,
8202156,
8202160,
8202164,
8202166,
8202171,
8202175,
8202179,
8202194,
8202200,
8202202,
8202206,
8202226,
8202228,
8202248,
8202278,
8202281,
8202292,
8202320,
8202325,
8202335,
8202387,
8202464,
8202486,
8202492,
8202502,
8202518,
8202523,
8202543,
8202558,
8202566,
8202569,
8202589,
8202616,
8202620,
8202625,
8202645,
8202651,
8202654,
8202662,
8202708,
8202714,
8202720,
8202730,
8202732,
8202746,
8202757,
8202822,
8202834,
8202844,
8202846,
8202848,
8202853,
8202856,
8202859,
8202861,
8202865,
8202869,
8202885,
8202887,
8202890,
8202920,
8202936,
8202943,
8202952,
8202956,
8202981,
8203012,
8203026,
8203030,
8203032,
8203047,
8203088,
8203090,
8203111,
8203131,
8203145,
8203147,
8203153,
8203156,
8203160,
8203172,
8203175,
8203187,
8203194,
8203197,
8203200,
8203202,
8203204,
8203210,
8203217,
8203220,
8203235,
8203276,
8203279,
8203282,
8203296,
8203310,
8203318,
8203328,
8203357,
8203359,
8203373,
8203385,
8203388,
8203390,
8203393,
8203395,
8203401,
8203444,
8203465,
8203473,
8203478,
8203498,
8203500,
8203507,
8203509,
8203526,
8203535,
8203538,
8203542,
8203549,
8203574,
8203576,
8203591,
8203613,
8203634,
8203668,
8203677,
8203683,
8203691,
8203782,
8203786,
8203813,
8203815,
8203819,
8203855,
8203860,
8203862,
8203866,
8203876,
8203878,
8203881,
8203914,
8203978,
8204047,
8204075,
8204079,
8204098,
8204114,
8204125,
8204150,
8204152,
8204158,
8204160,
8204167,
8204173,
8204180,
8204190,
8204209,
8204234,
8204237,
8204241,
8204244,
8204248,
8204268,
8204274,
8204288,
8204290,
8204294,
8204300,
8204305,
8204316,
8204322,
8204325,
8204332,
8204343,
8204387,
8204403,
8204418,
8204441,
8204458,
8204461,
8204465,
8204473,
8204488,
8204490,
8204493,
8204497,
8204499,
8204514,
8204516,
8204531,
8204543,
8204560,
8204565,
8204600,
8204626,
8204633,
8204722,
8204800,
8204803,
8204939,
8204947,
8204954,
8204959,
8204978,
8204986,
8205007,
8205018,
8205021,
8205041,
8205070,
8205073,
8205075,
8205096,
8205100,
8205136,
8205139,
8205152,
8205160,
8205164,
8205166,
8205169,
8205172,
8205178,
8205180,
8205186,
8205203,
8205207,
8205225,
8205235,
8205250,
8205310,
8205331,
8205333,
8205337,
8205340,
8205342,
8205348,
8205364,
8205366,
8205371,
8205392,
8205396,
8205401,
8205405,
8205430,
8205464,
8205472,
8205475,
8205478,
8205481,
8205484,
8205487,
8205512,
8205518,
8205571,
8205576,
8205606,
8205608,
8205615,
8205645,
8205658,
8205660,
8205688,
8205761,
8205763,
8205766,
8205775,
8205808,
8205822,
8205831,
8205833,
8205836,
8205859,
8205863,
8205865,
8205870,
8205872,
8205876,
8205879,
8205882,
8205895,
8205897,
8205911,
8205915,
8205924,
8205938,
8205940,
8205942,
8205947,
8205952,
8205960,
8205966,
8206004,
8206010,
8206024,
8206033,
8206035,
8206057,
8206076,
8206111,
8206122,
8206125,
8206132,
8206138,
8206199,
8206212,
8206226,
8206240,
8206282,
8206286,
8206289,
8206315,
8206418,
8206420,
8206487,
8206490,
8206497,
8206518,
8206522,
8206524,
8206534,
8206542,
8206549,
8206551,
8206630,
8206638,
8206642,
8206646,
8206678,
8206681,
8206687,
8206697,
8206700,
8206703,
8206711,
8206714,
8206717,
8206719,
8206734,
8206785,
8206797,
8206816,
8206836,
8206879,
8206883,
8206886,
8206898,
8206904,
8206907,
8206910,
8206912,
8206926,
8206928,
8206930,
8207050,
8207071,
8207079,
8207083,
8207087,
8207094,
8207130,
8207134,
8207154,
8207157,
8207161,
8207167,
8207171,
8207179,
8207198,
8207203,
8207250,
8207257,
8207265,
8207270,
8207284,
8207314,
8207323,
8207345,
8207348,
8207389,
8207394,
8207400,
8207402,
8207404,
8207427,
8207432,
8207438,
8207441,
8207443,
8207455,
8207467,
8207472,
8207489,
8207492,
8207497,
8207520,
8207523,
8207536,
8207554,
8207557,
8207579,
8207588,
8207598,
8207601,
8207621,
8207630,
8207633,
8207635,
8207656,
8207667,
8207674,
8207720,
8207722,
8207736,
8207739,
8207749,
8207751,
8207763,
8207789,
8207799,
8207804,
8207811,
8207834,
8207849,
8207864,
8207866,
8207892,
8207894,
8207902,
8207907,
8207913,
8207929,
8207945,
8207956,
8207958,
8208065,
8208069,
8208076,
8208096,
8208098,
8208111,
8208113,
8208134,
8208139,
8208150,
8208158,
8208162,
8208174,
8208184,
8208194,
8208196,
8208198,
8208215,
8208218,
8208222,
8208232,
8208262,
8208279,
8208284,
8208296,
8208301,
8208308,
8208313,
8208333,
8208336,
8208343,
8208349,
8208352,
8208357,
8208380,
8208464,
8208467,
8208471,
8208508,
8208569,
8208571,
8208577,
8208582,
8208597,
8208609,
8208611,
8208623,
8208625,
8208628,
8208632,
8208634,
8208637,
8208640,
8208661,
8208663,
8208667,
8208669,
8208696,
8208743,
8208778,
8208786,
8208845,
8208850,
8208856,
8208865,
8208870,
8208872,
8208881,
8208894,
8208896,
8208900,
8208903,
8208905,
8208908,
8208912,
8208916,
8208925,
8208929,
8208938,
8208941,
8208960,
8208962,
8208966,
8208970,
8208979,
8208983,
8208990,
8208992,
8209002,
8209006,
8209016,
8209031,
8209037,
8209039,
8209042,
8209044,
8209089,
8209097,
8209115,
8209154,
8209163,
8209179,
8209182,
8209201,
8209208,
8209210,
8209214,
8209225,
8209227,
8209254,
8209261,
8209274,
8209278,
8209295,
8209301,
8209304,
8209325,
8209349,
8209353,
8209385,
8209395,
8209411,
8209422,
8209429,
8209431,
8209433,
8209442,
8209444,
8209451,
8209458,
8209481,
8209487,
8209501,
8209505,
8209515,
8209595,
8209618,
8209644,
8209651,
8209681,
8209699,
8209729,
8209758,
8209760,
8209764,
8209827,
8209847,
8209849,
8209877,
8209896,
8209898,
8209902,
8209915,
8209938,
8209946,
8209950,
8209997,
8210045,
8210052,
8210069,
8210102,
8210120,
8210123,
8210126,
8210146,
8210155,
8210170,
8210196,
8210199,
8210241,
8210243,
8210245,
8210260,
8210313,
8210320,
8210326,
8210349,
8210353,
8210375,
8210377,
8210382,
8210387,
8210389,
8210391,
8210427,
8210433,
8210453,
8210472,
8210483,
8210502,
8210540,
8210581,
8210588,
8210609,
8210621,
8210624,
8210636,
8210645,
8210665,
8210667,
8210670,
8210678,
8210703,
8210705,
8210738,
8210742,
8210755,
8210765,
8210768,
8210770,
8210772,
8210776,
8210778,
8210784,
8210794,
8210797,
8210799,
8210801,
8210804,
8210807,
8210809,
8210827,
8210833,
8210836,
8210840,
8210845,
8210847,
8210850,
8210917,
8210920,
8210922,
8210925,
8210939,
8210941,
8211022,
8211027,
8211036,
8211062,
8211064,
8211075,
8211087,
8211092,
8211101,
8211103,
8211120,
8211130,
8211155,
8211187,
8211226,
8211253,
8211257,
8211286,
8211299,
8211343,
8211348,
8211357,
8211359,
8211374,
8211391,
8211421,
8211427,
8211430,
8211441,
8211448,
8211459,
8211507,
8211524,
8211558,
8211572,
8211582,
8211585,
8211591,
8211610,
8211616,
8211618,
8211621,
8211639,
8211642,
8211647,
8211670,
8211672,
8211679,
8211684,
8211698,
8211703,
8211734,
8211773,
8211776,
8211778,
8211781,
8211785,
8211790,
8211877,
8211888,
8211893,
8211898,
8211900,
8211908,
8211911,
8211922,
8211929,
8211931,
8211945,
8211948,
8211951,
8211954,
8211959,
8211961,
8211972,
8212012,
8212020,
8212032,
8212054,
8212061,
8212064,
8212069,
8212090,
8212094,
8212103,
8212111,
8212116,
8212121,
8212131,
8212134,
8212230,
8212233,
8212242,
8212248,
8212250,
8212298,
8212331,
8212342,
8212346,
8212351,
8212394,
8212396,
8212399,
8212401,
8212414,
8212416,
8212419,
8212431,
8212438,
8212442,
8212451,
8212456,
8212468,
8212478,
8212502,
8212504,
8212507,
8212513,
8212519,
8212536,
8212550,
8212610,
8212622,
8212624,
8212628,
8212632,
8212639,
8212642,
8212644,
8210157)
', 
@credential_name='datacloudprod', 
@target_group_name='datacloudprod',
@step_name = 'prod2' 
GO


--Add Scheduler
--https://learn.microsoft.com/en-us/azure/azure-sql/database/elastic-jobs-tsql-create-manage?view=azuresql

EXEC jobs.sp_update_job
@job_name='tbl_creditos_hist',
@enabled=1,
@schedule_interval_type='Hours',
--@schedule_interval_count=10,
@schedule_start_time='2023-06-18 00:00:00'




-- Start Manually the job
EXEC jobs.sp_start_job 'tbl_creditos_hist';  
--EXEC jobs.sp_delete_job @job_name='Hist_Pool_CPU_Consumption', @force=1


-- Check Execution
SELECT job_name, DATEADD(hour, -3, start_time) as start_time, DATEADD(hour, -3, end_time) as end_time, 
lifecycle,last_message FROM jobs.job_executions
where job_name='tbl_creditos_hist'
order by 3 desc